2006
1456
0 1 0
0 2 1
0 3 2
0 4 3
1 5 0
1 6 1
1 7 2
1 8 3
2 9 0
2 10 1
2 11 2
2 12 3
3 13 0
3 14 1
3 15 2
3 16 3
4 17 0
4 18 1
4 19 2
4 20 3
5 21 0
5 22 1
5 23 2
5 24 3
6 25 0
6 26 1
6 27 2
6 28 3
7 29 0
7 30 1
7 31 2
7 32 3
8 33 0
8 34 1
8 35 2
8 36 3
9 37 0
9 38 1
9 39 2
9 40 3
10 41 0
10 42 1
10 43 2
10 44 3
11 45 0
11 46 1
11 47 2
11 48 3
12 49 0
12 50 1
12 51 2
12 52 3
13 53 0
13 54 1
13 55 2
13 56 3
14 57 0
14 58 1
14 59 2
14 60 3
15 61 0
15 62 1
15 63 2
15 64 3
16 65 0
16 66 1
16 67 2
16 68 3
17 69 0
17 70 1
17 71 2
17 72 3
18 73 0
18 74 1
18 75 2
18 76 3
19 77 0
19 78 1
19 79 2
19 80 3
20 81 0
20 82 1
20 83 2
20 84 3
21 85 0
21 86 1
21 87 2
21 88 3
22 89 0
22 90 1
22 91 2
22 92 3
23 93 0
23 94 1
23 95 2
23 96 3
24 97 0
24 98 1
24 99 2
24 100 3
25 101 0
25 102 1
25 103 2
25 104 3
26 105 0
26 106 1
26 107 2
26 108 3
27 109 0
27 110 1
27 111 2
27 112 3
28 113 0
28 114 1
28 115 2
28 116 3
29 117 0
29 118 1
29 119 2
29 120 3
30 121 0
30 122 1
30 123 2
30 124 3
31 125 0
31 126 1
31 127 2
31 128 3
32 129 0
32 130 1
32 131 2
32 132 3
33 133 0
33 134 1
33 135 2
33 136 3
34 137 0
34 138 1
34 139 2
34 140 3
35 141 0
35 142 1
35 143 2
35 144 3
36 145 0
36 146 1
36 147 2
36 148 3
37 149 0
37 150 1
37 151 2
37 152 3
38 153 0
38 154 1
38 155 2
38 156 3
39 157 0
39 158 1
39 159 2
39 160 3
40 161 0
40 162 1
40 163 2
40 164 3
41 165 0
41 166 1
41 167 2
41 168 3
42 169 0
42 170 1
42 171 2
42 172 3
43 173 0
43 174 1
43 175 2
43 176 3
44 177 0
44 178 1
44 179 2
44 180 3
45 181 0
45 182 1
45 183 2
45 184 3
46 185 0
46 186 1
46 187 2
46 188 3
47 189 0
47 190 1
47 191 2
47 192 3
48 193 0
48 194 1
48 195 2
48 196 3
49 197 0
49 198 1
49 199 2
49 200 3
50 201 0
50 202 1
50 203 2
50 204 3
51 205 0
51 206 1
51 207 2
51 208 3
52 209 0
52 210 1
52 211 2
52 212 3
53 213 0
53 214 1
53 215 2
53 216 3
54 217 0
54 218 1
54 219 2
54 220 3
55 221 0
55 222 1
55 223 2
55 224 3
56 225 0
56 226 1
56 227 2
56 228 3
57 229 0
57 230 1
57 231 2
57 232 3
58 233 0
58 234 1
58 235 2
58 236 3
59 237 0
59 238 1
59 239 2
59 240 3
60 241 0
60 242 1
60 243 2
60 244 3
61 245 0
61 246 1
61 247 2
61 248 3
62 249 0
62 250 1
62 251 2
62 252 3
63 253 0
63 254 1
63 255 2
63 256 3
64 257 0
64 258 1
64 259 2
64 260 3
65 261 0
65 262 1
65 263 2
65 264 3
66 265 0
66 266 1
66 267 2
66 268 3
67 269 0
67 270 1
67 271 2
67 272 3
68 273 0
68 274 1
68 275 2
68 276 3
69 277 0
69 278 1
69 279 2
69 280 3
70 281 0
70 282 1
70 283 2
70 284 3
71 285 0
71 286 1
71 287 2
71 288 3
72 289 0
72 290 1
72 291 2
72 292 3
73 293 0
73 294 1
73 295 2
73 296 3
74 297 0
74 298 1
74 299 2
74 300 3
75 301 0
75 302 1
75 303 2
75 304 3
76 305 0
76 306 1
76 307 2
76 308 3
77 309 0
77 310 1
77 311 2
77 312 3
78 313 0
78 314 1
78 315 2
78 316 3
79 317 0
79 318 1
79 319 2
79 320 3
80 321 0
80 322 1
80 323 2
80 324 3
81 325 0
81 326 1
81 327 2
81 328 3
82 329 0
82 330 1
82 331 2
82 332 3
83 333 0
83 334 1
83 335 2
83 336 3
84 337 0
84 338 1
84 339 2
84 340 3
85 341 0
85 342 1
85 343 2
85 344 3
86 345 0
86 346 1
86 347 2
86 348 3
87 349 0
87 350 1
87 351 2
87 352 3
88 353 0
88 354 1
88 355 2
88 356 3
89 357 0
89 358 1
89 359 2
89 360 3
90 361 0
90 362 1
90 363 2
90 364 3
91 365 0
91 366 1
91 367 2
91 368 3
92 369 0
92 370 1
92 371 2
92 372 3
93 373 0
93 374 1
93 375 2
93 376 3
94 377 0
94 378 1
94 379 2
94 380 3
95 381 0
95 382 1
95 383 2
95 384 3
96 385 0
96 386 1
96 387 2
96 388 3
97 389 0
97 390 1
97 391 2
97 392 3
98 393 0
98 394 1
98 395 2
98 396 3
99 397 0
99 398 1
99 399 2
99 400 3
100 401 0
100 402 1
100 403 2
100 404 3
101 405 0
101 406 1
101 407 2
101 408 3
102 409 0
102 410 1
102 411 2
102 412 3
103 413 0
103 414 1
103 415 2
103 416 3
104 417 0
104 418 1
104 419 2
104 420 3
105 421 0
105 422 1
105 423 2
105 424 3
106 425 0
106 426 1
106 427 2
106 428 3
107 429 0
107 430 1
107 431 2
107 432 3
108 433 0
108 434 1
108 435 2
108 436 3
109 437 0
109 438 1
109 439 2
109 440 3
110 441 0
110 442 1
110 443 2
110 444 3
111 445 0
111 446 1
111 447 2
111 448 3
112 449 0
112 450 1
112 451 2
112 452 3
113 453 0
113 454 1
113 455 2
113 456 3
114 457 0
114 458 1
114 459 2
114 460 3
115 461 0
115 462 1
115 463 2
115 464 3
116 465 0
116 466 1
116 467 2
116 468 3
117 383 0
117 469 1
117 470 2
117 471 3
118 472 0
118 473 1
118 474 2
118 475 3
119 476 0
119 477 1
119 478 2
119 479 3
120 480 0
120 481 1
120 482 2
120 483 3
121 484 0
121 485 1
121 486 2
121 487 3
122 403 0
122 488 1
122 489 2
122 490 3
123 491 0
123 492 1
123 493 2
123 494 3
124 495 0
124 496 1
124 497 2
124 498 3
125 499 0
125 500 1
125 501 2
125 502 3
126 503 0
126 504 1
126 505 2
126 506 3
127 507 0
127 508 1
127 509 2
127 510 3
128 511 0
128 512 1
128 513 2
128 514 3
129 515 0
129 516 1
129 517 2
129 518 3
130 519 0
130 520 1
130 521 2
130 522 3
131 523 0
131 524 1
131 525 2
131 526 3
132 527 0
132 528 1
132 529 2
132 530 3
133 531 0
133 532 1
133 533 2
133 534 3
134 535 0
134 536 1
134 537 2
134 538 3
135 539 0
135 540 1
135 541 2
135 542 3
136 543 0
136 544 1
136 545 2
136 546 3
137 547 0
137 548 1
137 549 2
137 550 3
138 551 0
138 552 1
138 553 2
138 554 3
139 555 0
139 556 1
139 557 2
139 558 3
140 559 0
140 560 1
140 561 2
140 562 3
141 563 0
141 564 1
141 565 2
141 566 3
142 567 0
142 568 1
142 569 2
142 570 3
143 571 0
143 572 1
143 573 2
143 574 3
144 575 0
144 576 1
144 577 2
144 578 3
145 579 0
145 580 1
145 581 2
145 582 3
146 583 0
146 584 1
146 585 2
146 586 3
147 587 0
147 588 1
147 589 2
147 590 3
148 591 0
148 592 1
148 593 2
148 594 3
149 595 0
149 596 1
149 597 2
149 598 3
150 599 0
150 600 1
150 601 2
150 602 3
151 603 0
151 604 1
151 605 2
151 606 3
152 607 0
152 608 1
152 609 2
152 610 3
153 611 0
153 612 1
153 613 2
153 614 3
154 615 0
154 616 1
154 617 2
154 618 3
155 619 0
155 620 1
155 621 2
155 622 3
156 623 0
156 624 1
156 625 2
156 626 3
157 627 0
157 628 1
157 629 2
157 630 3
158 631 0
158 632 1
158 633 2
158 634 3
159 635 0
159 636 1
159 637 2
159 638 3
160 639 0
160 640 1
160 641 2
160 642 3
161 643 0
161 644 1
161 645 2
161 646 3
162 647 0
162 648 1
162 649 2
162 650 3
163 651 0
163 652 1
163 653 2
163 654 3
164 655 0
164 656 1
164 657 2
164 658 3
165 659 0
165 660 1
165 661 2
165 662 3
166 663 0
166 664 1
166 665 2
166 666 3
167 667 0
167 668 1
167 669 2
167 670 3
168 671 0
168 672 1
168 673 2
168 674 3
169 675 0
169 676 1
169 677 2
169 678 3
170 679 0
170 680 1
170 681 2
170 682 3
171 683 0
171 684 1
171 685 2
171 686 3
172 687 0
172 688 1
172 689 2
172 690 3
173 691 0
173 692 1
173 693 2
173 694 3
174 695 0
174 696 1
174 697 2
174 698 3
175 699 0
175 700 1
175 701 2
175 702 3
176 703 0
176 704 1
176 705 2
176 706 3
177 707 0
177 708 1
177 709 2
177 710 3
178 711 0
178 712 1
178 713 2
178 714 3
179 715 0
179 713 1
179 716 2
179 717 3
180 718 0
180 719 1
180 720 2
180 721 3
181 722 0
181 723 1
181 724 2
181 725 3
182 726 0
182 727 1
182 728 2
182 729 3
183 730 0
183 731 1
183 732 2
183 733 3
184 734 0
184 735 1
184 736 2
184 737 3
185 738 0
185 739 1
185 740 2
185 741 3
186 742 0
186 743 1
186 744 2
186 745 3
187 746 0
187 747 1
187 748 2
187 749 3
188 750 0
188 751 1
188 752 2
188 751 3
189 753 0
189 754 1
189 755 2
189 756 3
190 757 0
190 758 1
190 759 2
190 760 3
191 761 0
191 762 1
191 763 2
191 764 3
192 765 0
192 766 1
192 767 2
192 768 3
193 769 0
193 770 1
193 771 2
193 772 3
194 773 0
194 774 1
194 775 2
194 776 3
195 777 0
195 778 1
195 779 2
195 780 3
196 781 0
196 782 1
196 783 2
196 784 3
197 785 0
197 786 1
197 787 2
197 788 3
198 789 0
198 790 1
198 791 2
198 792 3
199 793 0
199 794 1
199 795 2
199 796 3
200 797 0
200 798 1
200 799 2
200 591 3
201 800 0
201 801 1
201 802 2
201 803 3
202 804 0
202 805 1
202 806 2
202 807 3
203 808 0
203 809 1
203 810 2
203 811 3
204 812 0
204 813 1
204 814 2
204 815 3
205 816 0
205 817 1
205 818 2
205 819 3
206 820 0
206 591 1
206 821 2
206 822 3
207 823 0
207 824 1
207 825 2
207 826 3
208 827 0
208 828 1
208 829 2
208 830 3
209 831 0
209 832 1
209 831 2
209 588 3
210 833 0
210 834 1
210 835 2
210 836 3
211 837 0
211 588 1
211 838 2
211 839 3
212 840 0
212 841 1
212 751 2
212 842 3
213 843 0
213 844 1
213 845 2
213 845 3
214 846 0
214 847 1
214 848 2
214 849 3
215 850 0
215 850 1
215 851 2
215 852 3
216 853 0
216 854 1
216 852 2
216 855 3
217 856 0
217 857 1
217 858 2
217 859 3
218 860 0
218 861 1
218 862 2
218 863 3
219 864 0
219 865 1
219 866 2
219 867 3
220 868 0
220 869 1
220 870 2
220 871 3
221 872 0
221 873 1
221 874 2
221 875 3
222 876 0
222 877 1
222 878 2
222 879 3
223 880 0
223 881 1
223 882 2
223 882 3
224 883 0
224 884 1
224 885 2
224 885 3
225 886 0
225 887 1
225 888 2
225 889 3
226 890 0
226 891 1
226 892 2
226 893 3
227 894 0
227 895 1
227 896 2
227 897 3
228 898 0
228 899 1
228 900 2
228 901 3
229 902 0
229 903 1
229 904 2
229 905 3
230 906 0
230 907 1
230 908 2
230 909 3
231 910 0
231 911 1
231 912 2
231 913 3
232 914 0
232 915 1
232 916 2
232 917 3
233 918 0
233 919 1
233 920 2
233 921 3
234 922 0
234 923 1
234 924 2
234 925 3
235 926 0
235 927 1
235 928 2
235 929 3
236 930 0
236 931 1
236 932 2
236 933 3
237 934 0
237 935 1
237 936 2
237 937 3
238 938 0
238 939 1
238 940 2
238 941 3
239 942 0
239 943 1
239 944 2
239 945 3
240 946 0
240 947 1
240 948 2
240 949 3
241 950 0
241 951 1
241 952 2
241 953 3
242 954 0
242 955 1
242 956 2
242 957 3
243 958 0
243 959 1
243 960 2
243 961 3
244 962 0
244 963 1
244 964 2
244 965 3
245 966 0
245 897 1
245 967 2
245 968 3
246 969 0
246 970 1
246 971 2
246 972 3
247 973 0
247 974 1
247 975 2
247 976 3
248 977 0
248 978 1
248 979 2
248 980 3
249 981 0
249 982 1
249 983 2
249 984 3
250 985 0
250 986 1
250 987 2
250 988 3
251 989 0
251 990 1
251 991 2
251 992 3
252 993 0
252 994 1
252 995 2
252 996 3
253 997 0
253 998 1
253 999 2
253 1000 3
254 1001 0
254 1002 1
254 1003 2
254 1004 3
255 1005 0
255 1006 1
255 1007 2
255 1008 3
256 1009 0
256 1010 1
256 403 2
256 1011 3
257 1012 0
257 1013 1
257 1014 2
257 1015 3
258 1016 0
258 1017 1
258 1018 2
258 1019 3
259 1020 0
259 1021 1
259 1022 2
259 1023 3
260 1024 0
260 1025 1
260 1026 2
260 1027 3
261 1028 0
261 1029 1
261 1030 2
261 1031 3
262 1032 0
262 1033 1
262 1034 2
262 1035 3
263 1036 0
263 1037 1
263 1038 2
263 1039 3
264 1040 0
264 1041 1
264 1042 2
264 1043 3
265 1044 0
265 1045 1
265 1046 2
265 1047 3
266 1048 0
266 1049 1
266 1050 2
266 1051 3
267 1052 0
267 1053 1
267 1054 2
267 1055 3
268 1056 0
268 1057 1
268 1058 2
268 1059 3
269 1060 0
269 1061 1
269 1062 2
269 1063 3
270 1064 0
270 1065 1
270 1066 2
270 1067 3
271 1068 0
271 1069 1
271 1070 2
271 1071 3
272 1072 0
272 1073 1
272 1074 2
272 1075 3
273 1076 0
273 1077 1
273 1078 2
273 1079 3
274 1080 0
274 1081 1
274 1082 2
274 1083 3
275 1084 0
275 1085 1
275 1086 2
275 1087 3
276 1088 0
276 1089 1
276 1090 2
276 1091 3
277 831 0
277 1092 1
277 1093 2
277 1094 3
278 1095 0
278 1096 1
278 1097 2
278 1098 3
279 1099 0
279 1100 1
279 1101 2
279 1102 3
280 1103 0
280 1104 1
280 1105 2
280 1106 3
281 1107 0
281 1108 1
281 1109 2
281 1110 3
282 1111 0
282 1112 1
282 1113 2
282 1114 3
283 1115 0
283 1116 1
283 1106 2
283 1117 3
284 1118 0
284 1119 1
284 1120 2
284 1121 3
285 1122 0
285 1123 1
285 1124 2
285 1125 3
286 1126 0
286 1127 1
286 1128 2
286 1129 3
287 1130 0
287 1131 1
287 1132 2
287 1133 3
288 1134 0
288 1135 1
288 1136 2
288 1137 3
289 1138 0
289 1139 1
289 1140 2
289 1141 3
290 1142 0
290 1143 1
290 1144 2
290 1145 3
291 1146 0
291 1147 1
291 1148 2
291 1149 3
292 1150 0
292 1151 1
292 1152 2
292 1153 3
293 1154 0
293 1155 1
293 1156 2
293 1157 3
294 1158 0
294 1159 1
294 1160 2
294 1161 3
295 1162 0
295 1163 1
295 1164 2
295 1165 3
296 1166 0
296 1167 1
296 1115 2
296 1168 3
297 1169 0
297 1170 1
297 1171 2
297 897 3
298 751 0
298 1172 1
298 751 2
298 1173 3
299 1174 0
299 897 1
299 1175 2
299 1176 3
300 751 0
300 1177 1
300 1178 2
300 1179 3
301 1180 0
301 1181 1
301 1182 2
301 1183 3
302 1115 0
302 1168 1
302 1184 2
302 1185 3
303 1186 0
303 1187 1
303 1188 2
303 1189 3
304 1190 0
304 1191 1
304 1192 2
304 1193 3
305 750 0
305 897 1
305 1194 2
305 1195 3
306 1196 0
306 897 1
306 1197 2
306 1198 3
307 1199 0
307 1200 1
307 1201 2
307 1202 3
308 1203 0
308 1204 1
308 1205 2
308 1205 3
309 1206 0
309 1207 1
309 1208 2
309 1209 3
310 1210 0
310 1211 1
310 1212 2
310 1213 3
311 1214 0
311 1215 1
311 1216 2
311 1217 3
312 1218 0
312 1219 1
312 1220 2
312 1221 3
313 1222 0
313 1223 1
313 1224 2
313 1225 3
314 1226 0
314 1144 1
314 1227 2
314 1228 3
315 1229 0
315 1230 1
315 1231 2
315 1232 3
316 1233 0
316 1234 1
316 1235 2
316 1236 3
317 1237 0
317 1238 1
317 1239 2
317 1240 3
318 1241 0
318 1242 1
318 1243 2
318 1244 3
319 1245 0
319 1246 1
319 1247 2
319 1248 3
320 1249 0
320 1250 1
320 1251 2
320 1252 3
321 1253 0
321 1254 1
321 1255 2
321 1256 3
322 1257 0
322 1258 1
322 1259 2
322 1260 3
323 1261 0
323 1262 1
323 599 2
323 1263 3
324 1264 0
324 1265 1
324 1266 2
324 1267 3
325 1268 0
325 1269 1
325 1270 2
325 1271 3
326 1272 0
326 1273 1
326 894 2
326 1274 3
327 1275 0
327 1276 1
327 1277 2
327 1278 3
328 1279 0
328 1280 1
328 1281 2
328 1282 3
329 1283 0
329 1284 1
329 1285 2
329 1286 3
330 1287 0
330 1288 1
330 1289 2
330 1286 3
331 1290 0
331 1291 1
331 1292 2
331 1293 3
332 1294 0
332 1295 1
332 1296 2
332 1297 3
333 1298 0
333 1299 1
333 1300 2
333 1301 3
334 1302 0
334 1303 1
334 1304 2
334 1305 3
335 1306 0
335 1307 1
335 1308 2
335 1309 3
336 1310 0
336 1311 1
336 1312 2
336 1313 3
337 1299 0
337 1314 1
337 1315 2
337 1316 3
338 1236 0
338 1317 1
338 1318 2
338 1319 3
339 1320 0
339 1321 1
339 1322 2
339 1323 3
340 1324 0
340 1325 1
340 1326 2
340 1327 3
341 1328 0
341 1329 1
341 1330 2
341 1331 3
342 1332 0
342 1333 1
342 1334 2
342 1328 3
343 1335 0
343 1336 1
343 1337 2
343 1338 3
344 1121 0
344 1330 1
344 1329 2
344 1339 3
345 1121 0
345 1340 1
345 1329 2
345 1339 3
346 1341 0
346 1342 1
346 1343 2
346 1334 3
347 1344 0
347 1334 1
347 1345 2
347 1346 3
348 1338 0
348 1347 1
348 1330 2
348 1348 3
349 1332 0
349 1328 1
349 1121 2
349 1330 3
350 1349 0
350 1350 1
350 1336 2
350 1121 3
351 1121 0
351 1351 1
351 1347 2
351 1332 3
352 1333 0
352 1329 1
352 1328 2
352 1352 3
353 1328 0
353 1349 1
353 1335 2
353 1336 3
354 1350 0
354 1338 1
354 1346 2
354 1335 3
355 1337 0
355 1328 1
355 1121 2
355 1335 3
356 1353 0
356 1334 1
356 1333 2
356 1347 3
357 1331 0
357 1350 1
357 1338 2
357 1354 3
358 1333 0
358 1355 1
358 1356 2
358 1357 3
359 1358 0
359 1331 1
359 1334 2
359 1359 3
360 1334 0
360 1333 1
360 1360 2
360 1339 3
361 1361 0
361 1362 1
361 1339 2
361 1331 3
362 1361 0
362 1362 1
362 1363 2
362 1364 3
363 1354 0
363 1365 1
363 1366 2
363 1367 3
364 1368 0
364 1369 1
364 1361 2
364 1370 3
365 1347 0
365 1371 1
365 1366 2
365 1346 3
366 1333 0
366 1354 1
366 1372 2
366 1366 3
367 1340 0
367 1373 1
367 1374 2
367 1340 3
368 1346 0
368 1372 1
368 1375 2
368 1354 3
369 1376 0
369 1377 1
369 1378 2
369 1376 3
370 1379 0
370 1361 1
370 1377 2
370 1367 3
371 1333 0
371 1354 1
371 1380 2
371 1361 3
372 1381 0
372 1382 1
372 1383 2
372 1384 3
373 1329 0
373 1334 1
373 1385 2
373 1121 3
374 1386 0
374 1336 1
374 1299 2
374 1328 3
375 1336 0
375 1346 1
375 1336 2
375 1329 3
376 1332 0
376 1340 1
376 1121 2
376 1387 3
377 1354 0
377 1374 1
377 1385 2
377 1121 3
378 1340 0
378 1388 1
378 1389 2
378 1359 3
379 1345 0
379 1329 1
379 1328 2
379 1390 3
380 1121 0
380 1389 1
380 1347 2
380 1121 3
381 1336 0
381 1391 1
381 1328 2
381 1392 3
382 1121 0
382 1393 1
382 1354 2
382 1355 3
383 1328 0
383 1336 1
383 1328 2
383 1336 3
384 1329 0
384 1121 1
384 1394 2
384 1121 3
385 1395 0
385 1328 1
385 1299 2
385 1359 3
386 1390 0
386 1394 1
386 1328 2
386 1390 3
387 1396 0
387 1299 1
387 1121 2
387 1299 3
388 1328 0
388 1338 1
388 1330 2
388 1397 3
389 1354 0
389 1396 1
389 1388 2
389 1398 3
390 1395 0
390 1333 1
390 1355 2
390 1399 3
391 1395 0
391 1333 1
391 1400 2
391 1401 3
392 1402 0
392 1354 1
392 1328 2
392 1390 3
393 1403 0
393 1384 1
393 1404 2
393 1375 3
394 1372 0
394 1405 1
394 1406 2
394 1396 3
395 1396 0
395 1401 1
395 1398 2
395 1355 3
396 1338 0
396 1407 1
396 1408 2
396 1395 3
397 1346 0
397 1396 1
397 1329 2
397 1121 3
398 1351 0
398 1328 1
398 1389 2
398 1340 3
399 751 0
399 1121 1
399 1409 2
399 1121 3
400 1332 0
400 1387 1
400 1332 2
400 1299 3
401 1390 0
401 1391 1
401 1328 2
401 1410 3
402 1346 0
402 1411 1
402 1412 2
402 1413 3
403 1328 0
403 1328 1
403 1328 2
403 1328 3
404 1388 0
404 1414 1
404 1328 2
404 1415 3
405 1382 0
405 1416 1
405 1363 2
405 1331 3
406 1364 0
406 1417 1
406 1417 2
406 1341 3
407 1357 0
407 1369 1
407 1418 2
407 1419 3
408 1419 0
408 1420 1
408 1369 2
408 1368 3
409 1368 0
409 1421 1
409 1421 2
409 1422 3
410 1423 0
410 1424 1
410 1364 2
410 1425 3
411 1426 0
411 1382 1
411 1421 2
411 1422 3
412 1363 0
412 1368 1
412 1427 2
412 1369 3
413 1426 0
413 1428 1
413 1421 2
413 1419 3
414 1419 0
414 1369 1
414 1429 2
414 1430 3
415 1431 0
415 1432 1
415 1428 2
415 1433 3
416 1377 0
416 1434 1
416 1435 2
416 1436 3
417 1437 0
417 1438 1
417 1381 2
417 1419 3
418 1439 0
418 1440 1
418 1441 2
418 1422 3
419 1442 0
419 1434 1
419 1431 2
419 1443 3
420 1444 0
420 1445 1
420 1446 2
420 1447 3
421 1436 0
421 1448 1
421 1439 2
421 1424 3
422 1446 0
422 1447 2
422 1449 3
423 1447 0
423 1450 1
423 1422 2
423 1344 3
424 1451 0
424 1452 1
424 1453 2
424 1454 3
425 1447 0
425 1449 1
425 1423 2
425 1455 3
426 1456 0
426 1457 1
426 1424 2
427 1458 0
427 1453 1
427 1459 2
427 1460 3
428 1461 0
428 1456 1
428 1462 2
428 1452 3
429 1463 0
429 1457 1
429 1464 2
429 1465 3
430 1462 0
430 1440 1
430 1466 2
430 1451 3
431 1422 0
431 1467 1
431 1468 2
431 1455 3
432 599 0
432 1461 1
432 1467 2
432 1447 3
433 1469 0
433 599 1
433 1470 2
433 601 3
434 1463 0
434 1471 1
434 601 2
434 1452 3
435 1472 0
435 1459 1
435 599 2
435 599 3
436 1459 0
436 1459 1
436 599 2
436 1473 3
437 1403 0
437 1474 1
437 1475 2
437 1476 3
438 1477 0
438 1419 1
438 1478 2
438 1381 3
439 1406 0
439 1474 1
439 1333 2
439 1479 3
440 1418 0
440 1476 1
440 1480 2
440 1384 3
441 1381 0
441 1444 1
441 1481 2
441 1431 3
442 1468 0
442 1467 1
442 1441 2
442 1482 3
443 1431 0
443 1381 1
443 1483 2
443 1484 3
444 1442 0
444 1485 1
444 1486 2
444 1487 3
445 1488 0
445 1489 1
445 1406 2
445 1406 3
446 1490 0
446 1491 1
446 1406 2
446 1492 3
447 1414 0
447 1493 1
447 1494 2
447 1495 3
448 1496 0
448 1497 1
448 1498 2
448 1492 3
449 1499 0
449 1500 1
449 1492 2
449 1501 3
450 1435 0
450 1443 1
450 1502 2
450 1503 3
451 1497 0
451 1504 1
451 1480 2
451 1500 3
452 1484 0
452 1505 1
452 1506 2
452 1507 3
453 1441 0
453 1485 1
453 1453 2
453 1508 3
454 1455 0
454 1509 1
454 1460 2
454 1462 3
455 1510 0
455 1511 1
455 1512 2
455 1513 3
456 1485 0
456 1460 1
456 1514 2
456 1460 3
457 1515 0
457 1516 1
457 601 2
457 601 3
458 1517 0
458 601 1
458 1460 2
458 1518 3
459 1460 0
459 1460 1
459 1460 2
459 1519 3
460 1519 0
460 1520 1
460 1521 2
460 1522 3
461 1482 0
461 1523 1
461 1524 2
461 1525 3
462 1472 0
462 1526 1
462 1511 2
462 1472 3
463 1527 0
463 1467 1
463 1443 2
463 1462 3
464 599 0
464 1528 1
464 1516 2
464 1516 3
465 1529 0
465 1472 1
465 1472 2
465 1530 3
466 1531 0
466 1532 1
466 1473 2
466 1533 3
467 1531 0
467 1473 1
467 1534 2
467 1535 3
468 1536 0
468 1537 1
468 1538 2
468 1539 3
469 751 0
469 1329 1
469 751 2
469 1329 3
470 1328 0
470 1336 1
470 1328 2
470 1540 3
471 1541 0
471 1121 1
471 1329 2
471 1542 3
472 1121 0
472 1299 1
472 1121 2
472 1543 3
473 1328 0
473 1336 1
473 1328 2
473 1544 3
474 1545 0
474 1546 1
474 1547 2
474 1548 3
475 1336 0
475 1549 1
475 1550 2
475 1551 3
476 1548 0
476 1409 1
476 1552 2
476 1549 3
477 1121 0
477 1553 1
477 1545 2
477 1546 3
478 1550 0
478 1554 1
478 1551 2
478 1555 3
479 1556 0
479 1557 1
479 1558 2
479 1559 3
480 1560 0
480 1561 1
480 1557 2
480 1551 3
481 1551 0
481 1562 1
481 1563 2
481 1564 3
482 1559 0
482 1563 1
482 1565 2
482 1566 3
483 1567 0
483 1568 1
483 1559 2
483 1569 3
484 1329 0
484 1121 1
484 1121 2
484 1570 3
485 1299 0
485 1547 1
485 1547 2
485 1328 3
486 1571 0
486 1547 1
486 1562 2
486 1560 3
487 1328 0
487 1560 1
487 1572 2
487 751 3
488 1573 0
488 1574 1
488 1575 2
488 1299 3
489 1560 0
489 1328 1
489 751 2
489 1576 3
490 1575 0
490 1577 1
490 1575 2
490 799 3
491 1397 0
491 1578 1
491 1579 2
491 1580 3
492 1579 0
492 1581 1
492 1570 2
492 1582 3
493 1583 0
493 1584 1
493 1397 2
493 1585 3
494 1586 0
494 1587 1
494 1588 2
494 1589 3
495 1590 0
495 751 1
495 1591 2
495 1592 3
496 1593 0
496 1299 1
496 1594 2
496 1595 3
497 1596 0
497 1597 1
497 1594 2
497 1598 3
498 1599 0
498 1600 1
498 1597 2
498 1601 3
499 1562 0
499 1567 1
499 1602 2
499 1549 3
500 1559 0
500 1565 1
500 1565 2
500 1566 3
501 1549 0
501 1565 1
501 1603 2
501 1566 3
502 1566 0
502 1604 1
502 1604 2
502 1605 3
503 1566 0
503 1604 1
503 1604 2
503 1606 3
504 1563 0
504 1585 1
504 1607 2
504 1554 3
505 1605 0
505 1608 1
505 1609 2
505 1610 3
506 1583 0
506 1611 1
506 1567 2
506 1612 3
507 1567 0
507 1604 1
507 1604 2
507 1605 3
508 1605 0
508 1613 1
508 1613 2
508 1565 3
509 1605 0
509 1613 1
509 1613 2
509 1603 3
510 1565 0
510 1614 1
510 1614 2
510 1610 3
511 1603 0
511 1566 1
511 1614 2
511 1615 3
512 1616 0
512 1617 1
512 1618 2
512 1619 3
513 1620 0
513 1567 1
513 1566 2
513 1621 3
514 1559 0
514 1622 1
514 1611 2
514 1619 3
515 1579 0
515 1554 1
515 1569 2
515 1605 3
516 1582 0
516 1623 1
516 1624 2
516 1625 3
517 1607 0
517 1626 1
517 1627 2
517 1563 3
518 1628 0
518 1629 1
518 1630 2
518 1630 3
519 1631 0
519 1632 1
519 1633 2
519 1634 3
520 1635 0
520 1636 1
520 1637 2
520 1638 3
521 1639 0
521 1640 1
521 1641 2
521 1642 3
522 1643 0
522 1644 1
522 1644 2
522 1645 3
523 1585 0
523 1579 1
523 1646 2
523 1584 3
524 1629 0
524 1629 1
524 1630 2
524 1630 3
525 1567 0
525 1626 1
525 1583 2
525 1647 3
526 1628 0
526 1648 1
526 1649 2
526 1650 3
527 1639 0
527 1651 1
527 1652 2
527 1653 3
528 1645 0
528 1644 1
528 1654 2
528 1655 3
529 1629 0
529 1656 1
529 1625 2
529 1652 3
530 1657 0
530 1658 1
530 1642 2
530 1659 3
531 1660 0
531 1661 1
531 1662 2
531 1663 3
532 1664 0
532 1665 1
532 1666 2
532 1660 3
533 1667 0
533 1668 1
533 751 2
533 1575 3
534 1660 0
534 1667 1
534 1669 2
534 1670 3
535 1494 0
535 1399 1
535 1671 2
535 1672 3
536 1673 0
536 1674 1
536 1675 2
536 1499 3
537 1668 0
537 1676 1
537 1577 2
537 1667 3
538 1677 0
538 1678 1
538 1679 2
538 1504 3
539 751 0
539 1680 1
539 1599 2
539 1575 3
540 1681 0
540 1575 1
540 751 2
540 1682 3
541 1683 0
541 1600 1
541 1684 2
541 1685 3
542 1599 0
542 1595 1
542 403 2
542 1575 3
543 1686 0
543 1668 1
543 751 2
543 1682 3
544 1495 0
544 1400 1
544 1687 2
544 1688 3
545 751 0
545 1299 1
545 751 2
545 1689 3
546 1667 0
546 751 1
546 1690 2
546 1594 3
547 1442 0
547 1691 1
547 1431 2
547 1465 3
548 1460 0
548 1460 1
548 1692 2
548 1539 3
549 1381 0
549 1462 1
549 1693 2
549 1522 3
550 1694 0
550 1695 1
550 1336 2
550 1334 3
551 1696 0
551 1697 1
551 1548 2
551 1698 3
552 1699 0
552 1698 1
552 1330 3
553 1336 0
553 1700 1
553 1333 2
553 1362 3
554 1701 1
554 1333 2
554 1702 3
555 1703 0
555 1696 1
555 1329 2
555 1387 3
556 1336 0
556 1346 1
556 1328 2
556 1344 3
557 1411 1
557 1704 2
557 1329 3
558 1351 0
558 1338 1
558 1121 2
558 1705 3
559 1386 0
559 1341 1
559 1350 2
559 1345 3
560 1701 0
560 1360 1
560 1350 2
560 1706 3
561 1347 0
561 1707 1
561 1343 2
561 1334 3
562 1341 0
562 1708 1
562 1366 2
562 1448 3
563 1709 0
563 1637 1
563 1644 2
563 1710 3
564 1711 0
564 1712 1
564 1709 2
564 1644 3
565 1713 0
565 1714 1
565 1715 2
565 1636 3
566 1716 0
566 1717 1
566 1718 2
566 1719 3
567 1683 0
567 1575 1
567 1711 2
567 1720 3
568 1721 0
568 1541 1
568 1684 2
568 1121 3
569 1722 0
569 1723 1
569 1723 2
569 1724 3
570 1725 0
570 1547 1
570 1726 2
570 1727 3
571 1728 0
571 1714 1
571 1729 2
571 1717 3
572 1730 0
572 1717 1
572 1655 2
572 1731 3
573 1732 0
573 1730 1
573 1733 2
573 1734 3
574 1717 0
574 1735 1
574 1730 2
574 1736 3
575 1737 0
575 1738 1
575 1739 2
575 1645 3
576 1634 0
576 1740 1
576 1741 2
576 1630 3
577 1742 0
577 1743 1
577 1718 2
577 1744 3
578 1745 0
578 1746 1
578 1747 2
578 1640 3
579 1448 0
579 1345 1
579 1748 2
579 1328 3
580 1347 0
580 1374 1
580 1348 2
580 1346 3
581 1749 1
581 1750 2
581 1350 3
582 1345 0
582 1329 1
582 1328 2
582 1348 3
583 1328 0
583 1347 1
583 1330 2
583 1706 3
584 1386 0
584 1354 1
584 1751 2
585 1332 0
585 1345 1
585 1334 2
585 1328 3
586 1355 0
586 1333 1
586 1329 2
586 1386 3
587 1752 0
587 1354 1
587 1753 2
588 1330 0
588 1336 1
588 1330 2
588 1336 3
589 1616 0
589 1754 2
589 1750 3
590 1701 0
590 1336 1
590 1755 2
590 1336 3
591 1121 0
591 1330 1
591 1121 2
591 1330 3
592 1341 0
592 1756 1
592 1332 3
593 1568 0
593 1330 1
593 1121 2
593 1330 3
594 1343 0
594 1332 1
594 1336 2
594 1332 3
595 1462 0
595 1516 2
595 599 3
596 1471 2
596 1757 3
597 1456 0
597 1459 1
598 1457 0
598 1460 1
599 1456 2
599 1456 3
600 1456 2
600 1750 3
601 1460 0
601 1460 1
602 1460 0
602 1758 1
603 1454 0
603 1456 1
604 1456 0
604 1456 1
604 601 3
605 1759 0
605 1750 1
605 1516 2
605 1760 3
606 1471 0
606 1761 1
606 1762 2
606 1535 3
607 1456 0
607 1456 1
607 601 2
607 601 3
608 1763 0
608 1692 1
608 1460 2
608 1758 3
609 599 0
609 1516 1
609 1764 2
609 1759 3
610 1760 0
610 1456 2
610 1692 3
611 1535 1
611 1765 2
611 1760 3
612 1696 0
612 1766 1
612 1767 2
612 1768 3
613 1696 0
613 1698 1
613 1535 3
614 1769 0
614 1696 2
614 1766 3
615 1767 0
615 1752 1
615 1770 2
615 1767 3
616 1613 0
616 1606 1
616 1771 2
616 1539 3
617 1772 0
617 1766 1
617 1760 2
617 1772 3
618 1773 0
618 1774 1
618 1559 2
618 1611 3
619 1473 0
619 1456 2
619 1763 3
620 1767 0
620 1768 1
620 1775 2
621 1767 0
621 1776 1
621 1473 2
622 1696 0
622 1766 1
622 1773 2
622 1752 3
623 1777 0
623 1753 1
623 1772 2
623 1778 3
624 1752 0
624 1609 1
624 1699 2
624 1779 3
625 1772 1
625 1766 2
625 1767 3
626 1559 0
626 1611 1
626 1752 2
626 1609 3
627 1780 0
627 1758 1
627 1781 2
627 1522 3
628 1782 0
628 1531 1
628 1534 2
628 1783 3
629 1522 0
629 1536 1
629 1784 2
629 1519 3
630 1518 0
630 1785 1
630 1765 2
630 1786 3
631 1787 0
631 1768 2
631 1763 3
632 1762 0
632 1518 1
632 1765 2
632 1760 3
633 1788 0
633 1762 1
633 1789 2
633 1785 3
634 1518 0
634 1698 1
634 1534 2
634 1790 3
635 1776 0
635 1791 1
635 1792 2
635 1793 3
636 1566 0
636 1603 1
636 1603 2
636 1788 3
637 1794 0
637 1622 1
637 1772 2
637 1697 3
638 1539 0
638 1772 1
638 1622 2
638 1539 3
639 1775 0
639 1795 1
639 1772 2
639 1796 3
640 1797 0
640 1697 1
640 1798 2
640 1752 3
641 1539 0
641 1618 1
641 1799 2
641 1539 3
642 1766 0
642 1767 1
642 1772 2
642 1766 3
643 1696 0
643 1763 1
643 1767 2
643 1518 3
644 1788 0
644 1767 1
644 1456 2
644 1697 3
645 1769 0
645 1752 2
645 1785 3
646 1795 0
646 1696 1
646 1760 2
646 1773 3
647 1752 0
647 1604 1
647 1767 2
647 1800 3
648 1773 0
648 1777 1
648 1609 2
648 1605 3
649 1697 0
649 1773 1
649 1698 2
649 1539 3
650 1801 0
650 1753 1
650 1606 2
650 1559 3
651 1767 0
651 1772 1
651 1766 2
652 1777 0
652 1760 1
652 1772 2
652 1777 3
653 1752 0
653 1766 1
653 1767 2
653 1800 3
654 1802 1
654 1612 2
654 1699 3
655 1618 0
655 1777 1
655 1760 2
655 1803 3
656 1767 0
656 1797 1
656 1549 2
656 1605 3
657 1604 0
657 1699 1
657 1696 2
657 1804 3
658 1801 0
658 1767 1
658 1556 2
658 1550 3
659 1613 0
659 1565 1
659 1603 2
659 1805 3
660 1557 0
660 1615 1
660 1621 2
660 1605 3
661 1773 0
661 1551 1
661 1559 2
661 1606 3
662 1605 0
662 1608 1
662 1609 2
662 1583 3
663 1605 0
663 1608 1
663 1608 2
663 1615 3
664 1554 0
664 1605 1
664 1605 2
664 1557 3
665 1583 0
665 1605 1
665 1397 2
665 1608 3
666 1608 0
666 1554 1
666 1571 2
666 1556 3
667 1802 0
667 1806 1
667 1805 2
667 1807 3
668 1615 0
668 1397 1
668 1611 2
668 1613 3
669 1559 0
669 1605 1
669 1802 2
669 1806 3
670 1609 0
670 1583 1
670 1615 2
670 1397 3
671 1609 0
671 1583 1
671 1583 2
671 1605 3
672 1605 0
672 1557 1
672 1578 2
672 1542 3
673 1560 0
673 1608 1
673 1608 2
673 1554 3
674 1551 0
674 1562 1
674 1556 2
674 1564 3
675 1557 0
675 1559 1
675 1551 2
675 1562 3
676 1565 0
676 1564 1
676 1548 2
676 1549 3
677 1563 0
677 1567 1
677 1567 2
677 1568 3
678 1549 0
678 1808 1
678 1808 2
678 1605 3
679 1549 0
679 1808 1
679 1583 2
679 1560 3
680 1397 0
680 1609 1
680 1561 2
680 1551 3
681 1605 0
681 1578 1
681 1557 2
681 1542 3
682 1542 0
682 1563 1
682 1562 2
682 1548 3
683 1559 0
683 1809 1
683 1569 2
683 1397 3
684 1560 0
684 1578 1
684 1608 2
684 1542 3
685 1397 0
685 1550 1
685 1549 2
685 1554 3
686 1554 0
686 1562 1
686 1563 2
686 1397 3
687 1542 0
687 1569 1
687 1547 2
687 1397 3
688 1397 0
688 1550 1
688 1608 2
688 1551 3
689 1397 0
689 1810 1
689 1810 2
689 1551 3
690 1554 0
690 1563 1
690 1562 2
690 1397 3
691 1773 0
691 1551 1
691 1549 2
691 1556 3
692 1605 0
692 1561 1
692 1806 2
692 1551 3
693 1779 0
693 1602 1
693 1605 2
693 1550 3
694 1542 0
694 1556 1
694 1811 2
694 1548 3
695 1554 0
695 1556 1
695 1556 2
695 1558 3
696 1567 0
696 1549 1
696 1568 2
696 1570 3
697 1558 0
697 1568 1
697 1549 2
697 1808 3
698 1808 0
698 1546 1
698 1546 2
698 1544 3
699 1753 0
699 1695 1
699 1549 2
699 1556 3
700 1397 0
700 1550 1
700 1806 2
700 1551 3
701 1812 0
701 1548 1
701 1555 2
701 1806 3
702 1568 0
702 1813 1
702 1695 2
702 1328 3
703 1571 0
703 1546 1
703 1556 2
703 1540 3
704 1558 0
704 1549 1
704 1549 2
704 1571 3
705 1397 0
705 1550 1
705 1557 2
705 1542 3
706 1551 0
706 1562 1
706 1813 2
706 1560 3
707 1571 0
707 1556 1
707 1546 2
707 1558 3
708 1564 0
708 1550 1
708 1549 2
708 1554 3
709 1540 0
709 1549 1
709 1549 2
709 1571 3
710 1571 0
710 1563 1
710 1563 2
710 1397 3
711 1554 0
711 1562 1
711 1562 2
711 1397 3
712 1397 0
712 1810 1
712 1814 2
712 1542 3
713 1397 0
713 1814 1
713 1814 2
713 1542 3
714 1542 0
714 1813 1
714 1543 2
714 1560 3
715 1571 0
715 1556 1
715 1563 2
715 1548 3
716 1397 0
716 1814 1
716 1578 2
716 1121 3
717 1121 0
717 1815 1
717 1815 2
717 1546 3
718 1542 0
718 1553 1
718 1553 2
718 1328 3
719 1560 0
719 1544 1
719 1544 2
719 1549 3
720 1328 0
720 1540 1
720 1548 2
720 1550 3
721 1549 0
721 1571 1
721 1551 2
721 1562 3
722 1804 0
722 1565 1
722 1329 2
722 1397 3
723 1806 0
723 1771 1
723 1542 2
723 1397 3
724 1341 0
724 1333 1
724 1356 3
725 1332 0
725 1699 1
725 1334 2
726 1753 0
726 1797 1
726 1559 2
726 1611 3
727 1760 0
727 1802 1
727 1551 2
727 1699 3
728 1812 0
728 1456 2
729 1800 0
729 1760 1
729 1556 2
729 1568 3
730 1816 0
730 1456 1
730 1701 2
730 1416 3
731 1360 0
731 1331 1
731 1361 3
732 1702 0
732 1424 2
732 1364 3
733 1366 0
733 1456 1
733 1757 2
733 1416 3
734 1456 0
734 1448 2
735 1328 0
735 1695 1
735 1328 2
735 1332 3
736 1362 0
736 1382 3
737 1707 0
737 1121 1
737 1456 2
737 1341 3
738 1697 0
738 1773 1
738 1797 2
738 1804 3
739 1456 0
739 1804 1
739 1606 2
739 1551 3
740 1546 0
740 1542 1
740 1699 2
740 1698 3
741 1699 0
741 1456 1
741 1817 3
742 1605 0
742 1542 1
742 1699 2
742 1801 3
743 1548 0
743 1551 1
743 1801 3
744 1760 0
744 1817 1
744 1550 2
744 1328 3
745 1818 0
745 1330 1
745 1549 2
745 1546 3
746 1456 1
746 1819 3
747 1818 0
747 1328 1
747 1329 2
747 1328 3
748 1456 1
748 1345 2
748 1448 3
749 1349 0
749 1328 1
749 1330 3
750 1121 0
750 1560 1
750 1121 2
750 1336 3
751 1121 0
751 1328 1
751 1121 2
751 1328 3
752 1121 0
752 1333 1
752 1354 2
752 1328 3
753 1364 0
753 1456 1
753 1701 2
753 1367 3
754 1416 0
754 1436 3
755 1702 0
755 1360 2
755 1366 3
756 1708 0
756 1448 1
756 1448 2
756 1368 3
757 1820 0
757 1456 1
757 1448 2
757 1426 3
758 1426 0
758 1421 3
759 1368 0
759 1706 2
759 1425 3
760 1421 0
760 1821 1
760 1822 2
760 1424 3
761 1701 1
761 1331 2
761 1448 3
762 1378 0
762 1706 1
762 1340 3
763 1336 0
763 1350 1
763 1336 2
763 1121 3
764 1706 0
764 1456 1
764 1336 2
764 1350 3
765 1757 0
765 1416 1
765 1379 2
766 1382 1
766 1382 2
766 1448 3
767 1341 0
767 1816 1
767 1701 3
768 1456 0
768 1368 1
768 1362 2
768 1706 3
769 1425 0
769 1362 1
769 1821 2
769 1424 3
770 1706 0
770 1456 1
770 1340 2
770 1334 3
771 1452 0
771 1382 1
771 1382 2
771 1448 3
772 1448 0
772 1424 1
772 1368 2
772 1816 3
773 1424 0
773 1330 1
773 1331 2
773 1751 3
774 1329 0
774 1330 1
774 1706 2
774 1751 3
775 1340 0
775 1362 1
775 1751 2
776 1333 0
776 1355 1
776 1701 2
776 1341 3
777 1448 0
777 1368 1
777 1368 2
777 1364 3
778 1364 0
778 1757 1
778 1757 2
778 1426 3
779 1364 0
779 1757 1
779 1425 2
779 1416 3
780 1378 0
780 1706 1
780 1425 3
781 1368 0
781 1405 1
781 1364 2
781 1417 3
782 1334 0
782 1366 1
782 1341 2
782 1356 3
783 1701 0
783 1370 1
783 1367 2
783 1706 3
784 1816 0
784 1821 1
784 1757 2
784 1360 3
785 1560 0
785 1549 1
785 1823 2
785 1542 3
786 1811 0
786 1336 1
786 1546 2
786 1561 3
787 1760 0
787 1332 1
787 1329 2
787 1811 3
788 1560 0
788 1550 1
788 1336 2
788 1121 3
789 1549 0
789 1545 1
789 1542 2
789 1555 3
790 1328 0
790 1552 1
790 1548 2
790 1329 3
791 1545 0
791 1328 1
791 1824 2
791 1548 3
792 1578 0
792 1121 1
792 1329 2
792 1551 3
793 1329 0
793 1330 1
793 1121 2
793 1330 3
794 1823 0
794 1121 1
794 1121 3
795 1354 0
795 1330 1
795 1329 2
795 1330 3
796 1121 1
796 1343 2
796 1121 3
797 1330 0
797 1336 1
797 1328 2
797 1336 3
798 1121 0
798 1545 1
798 1121 2
798 1543 3
799 1328 0
799 1328 2
800 1568 0
800 1570 1
800 1551 2
800 1562 3
801 1556 0
801 1548 1
801 1560 2
801 1578 3
802 1815 0
802 1328 1
802 1555 2
802 1548 3
803 1540 0
803 1549 1
803 1329 2
803 1542 3
804 1814 0
804 1542 1
804 1121 2
804 1815 3
805 1813 0
805 1560 1
805 1328 2
805 1558 3
806 1571 0
806 1556 1
806 1813 2
806 1328 3
807 1336 0
807 1550 1
807 1578 2
807 1121 3
808 1328 0
808 1540 1
808 1328 2
808 1329 3
809 1568 0
809 1545 1
809 1121 2
809 1813 3
810 1336 0
810 1329 1
810 1336 2
810 1568 3
811 1695 0
811 1556 1
811 1545 2
811 1328 3
812 1328 0
812 1336 1
812 1560 2
812 1814 3
813 1549 0
813 1545 1
813 1121 2
813 1824 3
814 1336 0
814 1550 1
814 1557 2
814 1121 3
815 1545 0
815 1328 1
815 1813 2
815 1397 3
816 1341 0
816 1342 1
816 1331 2
816 1350 3
817 1336 0
817 1121 1
817 1333 2
817 1354 3
818 1333 0
818 1346 1
818 1707 2
818 1341 3
819 1359 0
819 1349 1
819 1701 2
819 1706 3
820 1340 0
820 1343 1
820 1330 2
820 1336 3
821 1342 0
821 1336 1
821 1332 2
821 1333 3
822 1121 0
822 1330 1
822 1347 2
822 1330 3
823 1702 0
823 1343 1
823 1354 2
823 1359 3
824 1350 0
824 1345 1
824 1354 2
824 1340 3
825 1706 0
825 1417 1
825 1361 2
825 1362 3
826 1424 0
826 1417 1
826 1345 2
826 1334 3
827 1121 0
827 1359 1
827 1329 2
827 1330 3
828 1329 0
828 1332 1
828 1332 3
829 1700 1
829 1345 2
829 1334 3
830 1336 0
830 1355 1
830 1333 2
830 1121 3
831 1336 0
831 1121 1
831 1336 2
831 1121 3
832 1299 0
832 1328 1
832 1824 2
832 1548 3
833 1329 0
833 1551 1
833 1329 2
833 1332 3
834 1556 0
834 1336 1
834 1328 2
834 1561 3
835 1568 0
835 1815 1
835 1121 2
835 1330 3
836 1560 0
836 1329 1
836 1336 2
836 1568 3
837 1336 0
837 1121 1
837 1338 2
837 1347 3
838 1328 0
838 1329 1
838 1359 2
838 1329 3
839 1330 0
839 1336 1
839 1701 2
839 1336 3
840 1121 0
840 1330 1
840 1121 2
840 1555 3
841 1336 0
841 1121 1
841 1699 2
841 1542 3
842 1818 0
842 1332 1
842 1329 2
842 1332 3
843 1603 0
843 1614 1
843 1614 2
843 1825 3
844 1610 0
844 1805 1
844 1805 2
844 1774 3
845 1774 0
845 1566 1
845 1566 2
845 1774 3
846 1774 0
846 1567 1
846 1566 2
846 1616 3
847 1604 0
847 1622 1
847 1618 2
847 1826 3
848 1774 0
848 1827 1
848 1566 2
848 1766 3
849 1604 0
849 1622 1
849 1618 2
849 1697 3
850 1621 0
850 1773 1
850 1618 2
850 1766 3
851 1697 0
851 1605 1
851 1802 2
851 1539 3
852 1559 0
852 1611 1
852 1772 2
852 1613 3
853 1766 0
853 1618 1
853 1618 2
853 1766 3
854 1604 0
854 1772 1
854 1611 2
854 1697 3
855 1697 0
855 1772 1
855 1772 2
855 1614 3
856 1828 0
856 1559 1
856 1825 2
856 1605 3
857 1829 0
857 1830 1
857 1831 2
857 1832 3
858 1607 0
858 1833 1
858 1610 2
858 1649 3
859 1834 0
859 1835 1
859 1619 2
859 1836 3
860 1837 0
860 1648 1
860 1838 2
860 1839 3
861 1656 0
861 1840 1
861 1657 2
861 1642 3
862 1652 0
862 1841 1
862 1648 2
862 1648 3
863 1642 0
863 1842 1
863 1843 2
863 1640 3
864 1614 0
864 1621 1
864 1565 2
864 1567 3
865 1617 0
865 1649 1
865 1626 2
865 1627 3
866 1614 0
866 1583 1
866 1610 2
866 1567 3
867 1605 0
867 1831 1
867 1559 2
867 1834 3
868 1844 0
868 1844 1
868 1845 2
868 1841 3
869 1846 0
869 1847 1
869 1848 2
869 1849 3
870 1626 0
870 1629 1
870 1647 2
870 1650 3
871 1746 0
871 1843 1
871 1850 2
871 1851 3
872 1699 0
872 1797 1
872 1559 2
872 1827 3
873 1753 0
873 1771 1
873 1778 2
873 1602 3
874 1800 0
874 1804 1
874 1397 2
874 1551 3
875 1802 0
875 1609 1
875 1602 2
875 1807 3
876 1804 0
876 1603 1
876 1807 2
876 1773 3
877 1806 0
877 1610 1
877 1777 2
877 1773 3
878 1556 0
878 1549 1
878 1699 2
878 1801 3
879 1605 0
879 1549 1
879 1767 2
879 1801 3
880 1760 0
880 1800 1
880 1549 2
880 1546 3
881 1804 0
881 1817 1
881 1568 2
881 1328 3
882 1551 0
882 1548 1
882 1332 2
882 1336 3
883 1818 0
883 1555 1
883 1568 2
883 1560 3
884 1818 0
884 1556 1
884 1121 2
884 1397 3
885 1695 0
885 1336 1
885 1332 2
885 1336 3
886 1566 0
886 1778 1
886 1778 2
886 1605 3
887 1605 0
887 1607 1
887 1613 2
887 1620 3
888 1556 0
888 1609 1
888 1699 2
888 1807 3
889 1603 0
889 1567 1
889 1602 2
889 1559 3
890 1833 0
890 1627 1
890 1611 2
890 1831 3
891 1848 0
891 1848 1
891 1626 2
891 1629 3
892 1612 0
892 1825 1
892 1799 2
892 1567 3
893 1647 0
893 1624 1
893 1579 2
893 1852 3
894 1550 0
894 1556 1
894 1121 2
894 1397 3
895 1818 0
895 1811 1
895 1121 2
895 1328 3
896 1695 0
896 1336 1
896 1350 2
896 1336 3
897 1332 0
897 1336 1
897 1332 2
897 1336 3
898 1699 0
898 1559 1
898 1549 2
898 1565 3
899 1569 0
899 1624 1
899 1602 2
899 1549 3
900 1551 0
900 1560 1
900 1332 2
900 1336 3
901 1550 0
901 1853 1
901 1121 2
901 1546 3
902 1854 0
902 1718 1
902 1744 2
902 1855 3
903 1744 0
903 1856 1
903 1840 2
903 1857 3
904 1840 0
904 1858 1
904 1859 2
904 1860 3
905 1861 0
905 1744 1
905 1728 2
905 1862 3
906 1733 0
906 1863 1
906 1864 2
906 1728 3
907 1738 0
907 1745 1
907 1865 2
907 1866 3
908 1867 0
908 1868 1
908 1856 2
908 1869 3
909 1840 0
909 1854 1
909 1870 2
909 1856 3
910 1871 0
910 1744 1
910 1872 2
910 1873 3
911 1874 0
911 1875 1
911 1658 2
911 1876 3
912 1877 0
912 1878 1
912 1657 2
912 1879 3
913 1880 0
913 1875 1
913 1872 2
913 1840 3
914 1856 0
914 1874 1
914 1856 2
914 1881 3
915 1870 0
915 1882 1
915 1883 2
915 1884 3
916 1867 0
916 1885 1
916 1867 2
916 1861 3
917 1862 0
917 1867 1
917 1886 2
917 1887 3
918 1740 0
918 1772 1
918 1844 2
918 1609 3
919 1448 0
919 1336 1
919 1748 2
920 1657 0
920 1888 1
920 1745 2
920 1889 3
921 1539 0
921 1603 2
921 1890 3
922 1121 0
922 1330 1
922 1551 2
922 1546 3
923 1332 1
923 1804 2
923 1332 3
924 1812 0
924 1397 1
924 1456 2
924 1699 3
925 1550 0
925 1813 1
925 1542 2
925 1556 3
926 1879 0
926 1872 1
926 1879 2
926 1891 3
927 1892 0
927 1752 1
927 1893 2
927 1614 3
928 1894 0
928 1891 1
928 1870 2
928 1895 3
929 1657 0
929 1896 1
929 1897 2
929 1898 3
930 1456 0
930 1804 1
930 1780 2
930 1424 3
931 1808 0
931 1397 1
931 1556 2
931 1806 3
932 1539 0
932 1622 2
932 1769 3
933 1560 0
933 1568 1
933 1899 2
933 1332 3
934 1900 0
934 1901 1
934 1902 2
934 1903 3
935 1891 0
935 1870 1
935 1640 2
935 1904 3
936 1905 0
936 1906 1
936 1830 2
936 1830 3
937 1847 0
937 1907 1
937 1653 2
937 1908 3
938 1867 0
938 1870 1
938 1867 2
938 1870 3
939 1909 0
939 1910 1
939 1867 2
939 1911 3
940 1860 0
940 1870 1
940 1912 2
940 1870 3
941 1867 0
941 1913 1
941 1867 2
941 1863 3
942 1844 0
942 1832 1
942 1583 2
942 1584 3
943 1590 0
943 1844 1
943 1914 2
943 1652 3
944 1397 0
944 1915 1
944 1561 2
944 1551 3
945 1579 0
945 1629 1
945 1547 2
945 1647 3
946 1916 0
946 1879 1
946 1900 2
946 1901 3
947 1867 0
947 1917 1
947 1891 2
947 1897 3
948 1629 0
948 1918 1
948 1630 2
948 1652 3
949 1919 0
949 1920 1
949 1745 2
949 1871 3
950 1921 0
950 1922 1
950 1923 2
950 1924 3
951 1925 0
951 1926 1
951 1927 2
951 1928 3
952 1882 0
952 1911 1
952 1867 2
952 1929 3
953 1930 0
953 1931 1
953 1932 2
953 1894 3
954 1933 0
954 1772 1
954 1746 2
954 1934 3
955 1456 0
955 1698 1
955 1795 2
955 1459 3
956 1935 0
956 1936 1
956 1880 2
956 1936 3
957 1616 0
957 1892 2
957 1825 3
958 1880 0
958 1937 1
958 1866 2
958 1875 3
959 1922 0
959 1875 1
959 1938 2
959 1939 3
960 1872 0
960 1925 1
960 1891 2
960 1917 3
961 1940 0
961 1941 1
961 1940 2
961 1877 3
962 1942 0
962 1936 1
962 1928 2
962 1936 3
963 1943 0
963 1892 1
963 1944 2
963 1831 3
964 1879 0
964 1945 1
964 1879 2
964 1872 3
965 1893 0
965 1893 1
965 1944 2
965 1946 3
966 1456 0
966 1817 2
967 1330 0
967 1336 1
967 1339 2
967 1336 3
968 1334 0
968 1328 1
968 1121 2
968 1340 3
969 1334 0
969 1345 1
969 1121 2
969 1328 3
970 1121 0
970 1338 1
970 1354 2
970 1386 3
971 1347 0
971 1330 1
971 1341 2
971 1700 3
972 1341 0
972 1342 1
972 1345 2
972 1362 3
973 1332 0
973 1345 1
973 1332 2
973 1328 3
974 1347 0
974 1749 1
974 1349 2
974 1334 3
975 1121 0
975 1340 1
975 1121 2
975 1351 3
976 1336 0
976 1346 1
976 1338 2
976 1391 3
977 1345 0
977 1346 1
977 1359 2
977 1357 3
978 1386 0
978 1344 1
978 1334 2
978 1361 3
979 1408 0
979 1333 1
979 1355 2
979 1401 3
980 1403 0
980 1947 1
980 1333 2
980 1360 3
981 1121 0
981 1338 1
981 1329 2
981 1386 3
982 1121 0
982 1333 1
982 1349 2
982 1340 3
983 1331 0
983 1702 1
983 1359 2
983 1360 3
984 1331 0
984 1751 1
984 1356 2
984 1360 3
985 1355 0
985 1345 1
985 1347 2
985 1359 3
986 1948 0
986 1328 1
986 1346 2
986 1328 3
987 1706 0
987 1417 1
987 1365 2
987 1426 3
988 1424 0
988 1707 1
988 1405 2
988 1702 3
989 1947 0
989 1816 1
989 1403 2
989 1339 3
990 1367 0
990 1405 1
990 1377 2
990 1702 3
991 1361 0
991 1360 1
991 1947 2
991 1361 3
992 1339 0
992 1377 1
992 1403 2
992 1703 3
993 1416 0
993 1364 1
993 1364 2
993 1363 3
994 1821 0
994 1424 1
994 1344 2
994 1425 3
995 1363 0
995 1377 1
995 1377 2
995 1363 3
996 1369 0
996 1949 1
996 1440 2
996 1420 3
997 1121 0
997 1393 1
997 1329 2
997 1334 3
998 1328 0
998 1336 1
998 1351 2
998 1328 3
999 1329 0
999 1121 1
999 1329 2
999 1121 3
1000 1299 0
1000 1359 1
1000 1299 2
1000 1351 3
1001 1347 0
1001 1355 1
1001 1410 2
1001 1347 3
1002 1401 0
1002 1333 1
1002 1355 2
1002 1401 3
1003 1338 0
1003 1410 1
1003 1328 2
1003 1333 3
1004 1347 0
1004 1355 1
1004 1412 2
1004 1354 3
1005 1329 0
1005 1121 1
1005 1549 2
1005 1121 3
1006 1299 0
1006 1299 1
1006 1299 2
1006 1299 3
1007 1121 0
1007 1542 1
1007 1542 2
1007 1299 3
1008 1299 0
1008 1299 1
1008 1543 2
1008 1587 3
1009 1328 0
1009 1328 1
1009 1950 2
1009 1328 3
1010 1336 0
1010 751 1
1010 1328 2
1010 1410 3
1011 1328 0
1011 1336 1
1011 1397 2
1011 751 3
1012 1403 0
1012 1396 1
1012 1338 2
1012 1352 3
1013 1708 0
1013 1419 1
1013 1334 2
1013 1418 3
1014 1408 0
1014 1359 1
1014 1355 2
1014 1408 3
1015 1352 0
1015 1362 1
1015 1359 2
1015 1375 3
1016 1363 0
1016 1377 1
1016 1693 2
1016 1947 3
1017 1363 0
1017 1951 1
1017 1377 2
1017 1363 3
1018 1372 0
1018 1377 1
1018 1354 2
1018 1372 3
1019 1435 0
1019 1364 1
1019 1377 2
1019 1363 3
1020 1347 0
1020 1121 1
1020 751 2
1020 1346 3
1021 1389 0
1021 1359 1
1021 1355 2
1021 1387 3
1022 751 0
1022 1329 1
1022 751 2
1022 1549 3
1023 1121 0
1023 1393 1
1023 1121 2
1023 1815 3
1024 1373 0
1024 1346 1
1024 1328 2
1024 1352 3
1025 1376 0
1025 1344 1
1025 1334 2
1025 1361 3
1026 1340 0
1026 1336 1
1026 1555 2
1026 1336 3
1027 1354 0
1027 1330 1
1027 1329 2
1027 1332 3
1028 1568 0
1028 1824 1
1028 1121 2
1028 1546 3
1029 1548 0
1029 1810 1
1029 1561 2
1029 1551 3
1030 1349 0
1030 1330 1
1030 1331 2
1030 1448 3
1031 1349 0
1031 1332 1
1031 1706 2
1031 1332 3
1032 1581 0
1032 1629 1
1032 1952 2
1032 1586 3
1033 1902 0
1033 1953 1
1033 1647 2
1033 1584 3
1034 1328 0
1034 1544 1
1034 1954 2
1034 1329 3
1035 1588 0
1035 1590 1
1035 1121 2
1035 1582 3
1036 1425 0
1036 1426 1
1036 1446 2
1036 1364 3
1037 1405 0
1037 1355 1
1037 1417 2
1037 1341 3
1038 1820 0
1038 1955 1
1038 1422 2
1038 1344 3
1039 1368 0
1039 1361 1
1039 1956 2
1039 1416 3
1040 1328 0
1040 1329 1
1040 1756 2
1040 1348 3
1041 1332 0
1041 1813 1
1041 1355 2
1041 1330 3
1042 1362 0
1042 1361 1
1042 1364 2
1042 1363 3
1043 1347 0
1043 1393 1
1043 1366 2
1043 1354 3
1044 1906 0
1044 1957 1
1044 1830 2
1044 1908 3
1045 1958 0
1045 1873 1
1045 1959 2
1045 1917 3
1046 1960 0
1046 1651 1
1046 1582 2
1046 1852 3
1047 1917 0
1047 1849 1
1047 1961 2
1047 1639 3
1048 1879 0
1048 1872 1
1048 1871 2
1048 1891 3
1049 1962 0
1049 1841 1
1049 1873 2
1049 1963 3
1050 1908 0
1050 1964 1
1050 1651 2
1050 1847 3
1051 1841 0
1051 1849 1
1051 1849 2
1051 1965 3
1052 1587 0
1052 1966 1
1052 1328 2
1052 1548 3
1053 1967 0
1053 1596 1
1053 1572 2
1053 1572 3
1054 1359 0
1054 1345 1
1054 1393 2
1054 1359 3
1055 751 0
1055 751 1
1055 1345 2
1055 751 3
1056 1653 0
1056 1746 1
1056 1727 2
1056 1630 3
1057 1918 0
1057 1844 1
1057 1641 2
1057 1968 3
1058 751 0
1058 1541 1
1058 1391 2
1058 1568 3
1059 1969 0
1059 1970 1
1059 1121 2
1059 1121 3
1060 1463 0
1060 1971 1
1060 1949 2
1060 1447 3
1061 1455 0
1061 1364 1
1061 1461 2
1061 1457 3
1062 1972 0
1062 1455 1
1062 1440 2
1062 1973 3
1063 1440 0
1063 1453 1
1063 1457 2
1063 1462 3
1064 1417 0
1064 1419 1
1064 1344 2
1064 1369 3
1065 1339 0
1065 1366 1
1065 1419 2
1065 1339 3
1066 1363 0
1066 1419 1
1066 1427 2
1066 1974 3
1067 1369 0
1067 1419 1
1067 1419 2
1067 1369 3
1068 1756 0
1068 1368 1
1068 1354 2
1068 1382 3
1069 1820 0
1069 1450 1
1069 1423 2
1069 1424 3
1070 1706 0
1070 1448 1
1070 1336 2
1070 1334 3
1071 1424 0
1071 1356 1
1071 1345 2
1071 1702 3
1072 1422 0
1072 1427 1
1072 1438 2
1072 1975 3
1073 1974 0
1073 1419 1
1073 1440 2
1073 1369 3
1074 1976 0
1074 1364 1
1074 1706 2
1074 1701 3
1075 1417 0
1075 1368 1
1075 1360 2
1075 1361 3
1076 1354 0
1076 1393 1
1076 1366 2
1076 1354 3
1077 1359 0
1077 1333 1
1077 1977 2
1077 1395 3
1078 1703 0
1078 1405 1
1078 1352 2
1078 1947 3
1079 1403 0
1079 1396 1
1079 1361 2
1079 1353 3
1080 1392 0
1080 1329 1
1080 1333 2
1080 1402 3
1081 1121 0
1081 1551 1
1081 1346 2
1081 1334 3
1082 1395 0
1082 1333 1
1082 1334 2
1082 1340 3
1083 1391 0
1083 1121 1
1083 1336 2
1083 1354 3
1084 1429 0
1084 1377 1
1084 1419 2
1084 1369 3
1085 1474 0
1085 1361 1
1085 1344 2
1085 1947 3
1086 1365 0
1086 1360 1
1086 1367 2
1086 1366 3
1087 1340 0
1087 1360 1
1087 1700 2
1087 1331 3
1088 1349 0
1088 1337 1
1088 1333 2
1088 1346 3
1089 1328 0
1089 1329 1
1089 1386 2
1089 1424 3
1090 1356 0
1090 1341 1
1090 1700 2
1091 1757 0
1091 1456 2
1092 1333 0
1092 1121 1
1092 1328 2
1092 1121 3
1093 1823 0
1093 1332 1
1093 1812 3
1094 1336 0
1094 1121 1
1094 1336 2
1094 1332 3
1095 1331 0
1095 1456 1
1095 1336 2
1095 1332 3
1096 1424 0
1096 1361 1
1096 1701 3
1097 1336 0
1097 1355 1
1097 1336 2
1097 1695 3
1098 1706 0
1098 1456 1
1098 1336 2
1098 1456 3
1099 1550 0
1099 1330 1
1099 1551 2
1099 1328 3
1100 1978 1
1100 1818 2
1100 1330 3
1101 1565 0
1101 1336 1
1101 1397 2
1101 1550 3
1102 1559 0
1102 1328 1
1102 1553 2
1102 1602 3
1103 1812 1
1103 1760 2
1103 1696 3
1104 1456 1
1104 1696 3
1105 1550 0
1105 1556 1
1105 1542 2
1105 1397 3
1106 1329 0
1106 1555 1
1106 1121 2
1106 1560 3
1107 1751 0
1107 1424 1
1107 1354 2
1107 1331 3
1108 1361 0
1108 1821 1
1108 1456 2
1108 1360 3
1109 1424 0
1109 1359 1
1109 1330 3
1110 1700 0
1110 1121 2
1110 1343 3
1111 1365 1
1111 1366 2
1111 1448 3
1112 1334 0
1112 1331 1
1112 1424 2
1112 1340 3
1113 1707 0
1113 1362 1
1113 1456 2
1113 1341 3
1114 1331 0
1114 1456 1
1114 1361 2
1114 1350 3
1115 1330 1
1115 1330 3
1116 1329 0
1116 1333 1
1116 1329 2
1116 1328 3
1117 1549 0
1117 1328 1
1117 1542 2
1117 1336 3
1118 1700 0
1118 1332 2
1119 1330 0
1119 1354 1
1119 1456 2
1119 1329 3
1120 1332 0
1120 1332 2
1121 1456 0
1121 1456 2
1122 1571 1
1122 1555 3
1123 1397 0
1123 1818 1
1123 1561 2
1123 1695 3
1124 1397 1
1124 1788 2
1124 1345 3
1125 1542 0
1125 1556 1
1125 1801 2
1125 1699 3
1126 1853 0
1126 1699 1
1126 1560 2
1126 1609 3
1127 1812 0
1127 1699 1
1127 1817 2
1127 1804 3
1128 1806 0
1128 1554 1
1128 1542 2
1128 1605 3
1129 1560 0
1129 1568 1
1129 1614 2
1129 1779 3
1130 1789 0
1130 1456 1
1130 1979 2
1130 1776 3
1131 1456 0
1131 1818 1
1131 1980 2
1131 1349 3
1132 1981 0
1132 1791 1
1132 1982 2
1132 1831 3
1133 1983 2
1133 1788 3
1134 1562 0
1134 1753 1
1134 1548 2
1134 1559 3
1135 1551 0
1135 1605 1
1135 1556 2
1135 1806 3
1136 1699 0
1136 1801 1
1136 1331 2
1136 1456 3
1137 1823 0
1137 1551 1
1137 1804 2
1137 1562 3
1138 1332 0
1138 1699 1
1138 1800 2
1138 1760 3
1139 1812 0
1139 1767 1
1139 1800 2
1139 1804 3
1140 1546 0
1140 1549 1
1140 1823 2
1140 1695 3
1141 1546 0
1141 1549 1
1141 1823 2
1141 1812 3
1142 1456 0
1142 1817 2
1142 1818 3
1143 1800 0
1143 1329 1
1143 1556 2
1143 1568 3
1144 1560 0
1144 1121 1
1144 1699 2
1144 1812 3
1145 1397 0
1145 1551 1
1145 1767 2
1145 1698 3
1146 1609 0
1146 1817 1
1146 1615 2
1146 1397 3
1147 1804 0
1147 1800 1
1147 1559 2
1147 1605 3
1148 1546 0
1148 1818 1
1148 1753 2
1148 1621 3
1149 1853 0
1149 1699 1
1149 1605 2
1149 1549 3
1150 1804 0
1150 1817 1
1150 1568 2
1150 1560 3
1151 1804 0
1151 1555 1
1151 1542 2
1151 1397 3
1152 1812 0
1152 1699 1
1152 1802 2
1152 1804 3
1153 1801 0
1153 1767 1
1153 1817 2
1153 1818 3
1154 1757 0
1154 1424 1
1154 1334 2
1154 1331 3
1155 1356 0
1155 1347 1
1155 1751 2
1156 1341 0
1156 1359 1
1156 1757 3
1157 1355 0
1157 1343 1
1157 1349 2
1157 1359 3
1158 1340 0
1158 1347 1
1158 1701 2
1158 1424 3
1159 1340 0
1159 1329 1
1159 1707 2
1159 1424 3
1160 1700 0
1160 1706 1
1160 1355 2
1160 1336 3
1161 1751 0
1161 1350 2
1161 1336 3
1162 1336 0
1162 1751 1
1162 1328 2
1162 1332 3
1163 1707 1
1163 1456 3
1164 1328 0
1164 1121 1
1164 1556 2
1164 1121 3
1165 1343 0
1165 1456 1
1165 1336 2
1165 1456 3
1166 1347 0
1166 1328 1
1166 1341 2
1166 1340 3
1167 1121 0
1167 1336 1
1167 1354 2
1167 1328 3
1168 1329 0
1168 1328 1
1168 1329 2
1168 1328 3
1169 1330 0
1169 1424 1
1169 1701 2
1170 1700 0
1170 1336 1
1170 1332 2
1170 1336 3
1171 1751 0
1171 1706 1
1171 1332 2
1171 1336 3
1172 1329 0
1172 1853 1
1172 1329 2
1172 1330 3
1173 1329 0
1173 1330 1
1173 1550 2
1173 1330 3
1174 1332 0
1174 1336 1
1174 1121 2
1174 1336 3
1175 1121 0
1175 1336 1
1175 1121 2
1175 1338 3
1176 1334 0
1176 1336 1
1176 1542 2
1176 1336 3
1177 1121 0
1177 1546 1
1177 1121 2
1177 1328 3
1178 1121 0
1178 1336 1
1178 1551 2
1178 1336 3
1179 1121 0
1179 1328 1
1179 1542 2
1179 1397 3
1180 1328 0
1180 1121 1
1180 1397 2
1180 1695 3
1181 1336 0
1181 1456 1
1181 1767 2
1181 1456 3
1182 1823 0
1182 1801 1
1182 1696 3
1183 1456 1
1183 1804 2
1183 1330 3
1184 1804 0
1184 1555 1
1184 1550 2
1184 1328 3
1185 1549 0
1185 1328 1
1185 1121 2
1185 1336 3
1186 1609 0
1186 1556 1
1186 1551 2
1186 1548 3
1187 1549 0
1187 1560 1
1187 1695 2
1187 1699 3
1188 1698 0
1188 1555 2
1188 1550 3
1189 1696 0
1189 1760 1
1189 1556 2
1189 1549 3
1190 1542 0
1190 1336 1
1190 1801 2
1190 1767 3
1191 1332 0
1191 1767 1
1191 1456 2
1192 1800 0
1192 1804 1
1192 1546 2
1192 1568 3
1193 1330 0
1193 1329 1
1193 1560 2
1193 1542 3
1194 1551 0
1194 1336 1
1194 1332 2
1194 1767 3
1195 1332 0
1195 1698 2
1196 1332 0
1196 1336 1
1196 1332 2
1196 1699 3
1197 1801 0
1197 1456 2
1198 1698 0
1198 1800 2
1199 1698 0
1199 1800 2
1199 1804 3
1200 1696 0
1200 1760 1
1200 1330 2
1200 1329 3
1201 1556 0
1201 1549 1
1201 1548 2
1201 1551 3
1202 1328 0
1202 1121 1
1202 1336 2
1202 1332 3
1203 1330 0
1203 1818 1
1203 1556 2
1203 1549 3
1204 1330 0
1204 1329 1
1204 1328 2
1204 1549 3
1205 1397 0
1205 1542 1
1205 1823 2
1205 1332 3
1206 1963 0
1206 1982 1
1206 1830 2
1206 1984 3
1207 1614 0
1207 1768 1
1207 1985 2
1207 1539 3
1208 1901 0
1208 1901 1
1208 1986 2
1208 1987 3
1209 1933 0
1209 1618 1
1209 1892 2
1209 1934 3
1210 1456 0
1210 1456 1
1210 1535 2
1210 1459 3
1211 1329 0
1211 1397 1
1211 1341 2
1211 1823 3
1212 1769 0
1212 1618 2
1212 1782 3
1213 1706 1
1213 599 2
1213 1956 3
1214 1625 0
1214 1906 1
1214 1988 2
1214 1830 3
1215 1989 0
1215 1831 1
1215 1830 2
1215 1617 3
1216 1990 0
1216 1844 1
1216 1121 2
1216 1852 3
1217 1915 0
1217 1612 1
1217 1991 2
1217 1617 3
1218 1616 0
1218 1773 1
1218 1828 2
1218 1992 3
1219 1752 0
1219 1456 1
1219 1760 2
1219 1762 3
1220 1825 0
1220 1566 1
1220 1828 2
1220 1621 3
1221 1993 0
1221 1787 1
1221 1773 2
1221 1752 3
1222 1549 0
1222 1556 1
1222 1812 2
1222 1602 3
1223 1806 0
1223 1978 1
1223 1542 2
1223 1546 3
1224 1456 0
1224 1456 2
1224 1329 3
1225 1771 0
1225 1699 1
1225 1556 2
1225 1329 3
1226 1548 0
1226 1542 1
1226 1609 2
1226 1771 3
1227 1551 0
1227 1560 1
1227 1817 2
1227 1753 3
1228 1550 0
1228 1555 1
1228 1695 2
1228 1397 3
1229 1448 0
1229 1452 2
1230 1328 0
1230 1121 1
1230 1359 2
1230 1551 3
1231 1458 1
1231 1456 2
1231 1456 3
1232 1701 0
1232 1121 1
1232 1456 2
1232 1368 3
1233 1328 0
1233 1549 1
1233 1336 2
1233 1542 3
1234 1330 0
1234 1760 1
1234 1328 2
1234 1549 3
1235 1336 0
1235 1332 1
1235 1345 2
1235 1332 3
1236 1336 0
1236 1542 1
1236 1336 2
1236 1332 3
1237 1299 0
1237 1563 1
1237 1299 2
1237 1328 3
1238 1397 0
1238 1561 1
1238 1578 2
1238 1542 3
1239 1299 0
1239 1560 1
1239 1389 2
1239 1336 3
1240 1329 0
1240 1779 1
1240 1568 2
1240 1555 3
1241 1554 0
1241 1618 1
1241 1556 2
1241 1609 3
1242 1766 0
1242 1772 2
1242 1785 3
1243 1699 0
1243 1777 1
1243 1818 2
1243 1556 3
1244 1760 0
1244 1994 1
1244 1766 2
1245 1332 0
1245 1336 1
1245 1812 2
1245 1699 3
1246 1121 0
1246 1397 1
1246 1812 2
1246 1767 3
1247 1456 0
1247 1456 2
1247 1804 3
1248 1696 0
1248 1609 1
1248 1605 2
1248 1777 3
1249 1551 0
1249 1767 1
1249 1696 2
1249 1697 3
1250 1752 0
1250 1763 1
1250 1767 2
1250 1780 3
1251 1827 0
1251 1456 1
1251 1760 2
1251 1773 3
1252 1761 0
1252 1995 1
1252 1758 2
1252 1696 3
1253 1535 0
1253 1460 1
1253 1534 2
1254 1368 0
1254 1706 2
1254 1436 3
1255 1456 0
1255 1456 1
1255 1798 2
1255 601 3
1256 1456 0
1256 1448 1
1256 601 2
1256 1424 3
1257 1365 0
1257 1355 1
1257 1456 2
1257 1341 3
1258 1336 0
1258 1332 1
1258 1338 2
1258 1355 3
1259 1426 0
1259 1706 1
1259 1458 2
1259 1425 3
1260 1757 0
1260 1360 1
1260 1416 2
1260 1331 3
1261 1522 0
1261 1516 1
1261 1459 2
1261 1459 3
1262 1447 0
1262 1463 1
1262 1459 2
1262 1470 3
1263 1706 0
1263 1447 1
1263 1996 2
1263 1457 3
1264 1448 0
1264 1422 1
1264 1424 2
1264 1427 3
1265 1706 0
1265 1425 1
1265 1449 2
1265 1426 3
1266 1973 0
1266 1423 1
1266 1949 2
1266 1458 3
1267 1368 0
1267 1382 1
1267 1956 2
1267 1975 3
1268 1397 0
1268 1551 1
1268 1699 2
1268 1801 3
1269 1548 0
1269 1695 1
1269 1797 3
1270 1804 0
1270 1817 1
1270 1568 2
1270 1546 3
1271 1804 0
1271 1555 1
1271 1568 2
1271 1560 3
1272 1823 0
1272 1695 1
1272 1800 3
1273 1699 0
1273 1812 1
1273 1760 2
1273 1817 3
1274 1549 0
1274 1546 1
1274 1551 2
1274 1336 3
1275 1812 0
1275 1823 1
1275 1330 2
1275 1804 3
1276 1695 0
1276 1336 1
1276 1797 2
1277 1328 0
1277 1550 1
1277 1548 2
1277 1121 3
1278 1555 0
1278 1804 1
1278 1328 2
1278 1550 3
1279 1332 0
1279 1699 1
1279 1698 2
1280 1801 0
1280 1456 2
1280 1760 3
1281 1817 0
1281 1760 1
1281 1330 2
1281 1329 3
1282 1330 0
1282 1329 1
1282 1330 2
1282 1329 3
1283 1767 0
1283 1801 1
1283 1804 2
1283 1330 3
1284 1456 1
1284 1818 2
1284 1330 3
1285 1549 0
1285 1328 1
1285 1551 2
1285 1336 3
1286 1568 0
1286 1328 1
1286 1695 2
1286 1336 3
1287 1696 1
1287 1329 2
1287 1555 3
1288 1456 1
1288 1329 2
1288 1330 3
1289 1121 0
1289 1328 1
1289 1695 2
1289 1336 3
1290 1698 0
1290 1817 2
1290 1818 3
1291 1456 0
1291 1330 2
1291 1818 3
1292 1556 0
1292 1550 1
1292 1328 2
1292 1121 3
1293 1546 0
1293 1549 1
1293 1328 2
1293 1121 3
1294 1698 0
1294 1330 2
1294 1818 3
1295 1698 0
1295 1767 1
1295 1330 2
1295 1804 3
1296 1546 0
1296 1549 1
1296 1560 2
1296 1121 3
1297 1556 0
1297 1329 1
1297 1328 2
1297 1121 3
1298 1336 0
1298 1121 1
1298 1333 2
1298 1121 3
1299 1328 0
1299 1121 1
1299 1328 2
1299 1121 3
1300 1340 0
1300 1354 1
1300 1417 2
1300 1424 3
1301 1359 0
1301 1347 1
1301 1701 2
1301 1341 3
1302 1328 0
1302 1329 1
1302 1328 2
1302 1329 3
1303 1556 0
1303 1329 1
1303 1328 2
1303 1329 3
1304 1340 0
1304 1329 1
1304 1707 2
1304 1341 3
1305 1330 0
1305 1329 1
1305 1707 2
1305 1341 3
1306 1426 0
1306 1405 1
1306 1364 2
1306 1417 3
1307 1334 0
1307 1343 1
1307 1424 2
1307 1356 3
1308 1955 0
1308 1368 1
1308 1424 2
1308 1421 3
1309 1421 0
1309 1362 1
1309 1416 2
1309 1364 3
1310 1700 0
1310 1331 1
1310 1360 2
1310 1708 3
1311 1751 0
1311 1706 1
1311 1346 2
1311 1333 3
1312 1366 0
1312 1821 1
1312 1417 2
1312 1341 3
1313 1706 0
1313 1701 1
1313 1421 2
1313 1378 3
1314 1397 0
1314 1121 1
1314 1333 2
1314 1121 3
1315 1340 0
1315 1346 1
1315 1330 2
1315 1329 3
1316 1328 0
1316 1121 1
1316 1359 2
1316 1121 3
1317 1548 0
1317 1121 1
1317 1336 2
1317 1695 3
1318 1336 0
1318 1332 1
1318 1333 2
1318 1334 3
1319 1336 0
1319 1332 1
1319 1336 2
1319 1332 3
1320 1456 0
1320 1334 2
1320 1343 3
1321 1701 0
1321 1349 1
1321 1751 2
1322 1341 0
1322 1365 1
1322 1366 2
1322 1821 3
1323 1354 0
1323 1333 1
1323 1701 3
1324 1359 0
1324 1121 1
1324 1701 2
1324 1349 3
1325 1333 0
1325 1121 1
1325 1340 2
1325 1354 3
1326 1751 0
1326 1360 2
1326 1333 3
1327 1757 0
1327 1341 1
1327 1702 2
1327 1706 3
1328 1456 1
1328 1456 3
1329 1121 0
1329 1121 2
1330 1328 0
1330 1456 1
1330 1328 2
1330 1456 3
1331 1328 3
1332 1456 0
1332 1121 1
1332 1456 2
1332 1121 3
1333 1328 1
1333 1456 3
1334 1456 0
1334 1121 1
1334 1456 2
1335 1328 0
1335 1456 1
1335 1328 2
1335 1822 3
1336 1328 1
1336 1328 3
1337 1997 0
1337 1121 1
1337 1456 2
1337 1121 3
1338 1997 1
1338 1456 3
1339 1328 0
1339 1456 1
1339 1456 2
1339 1121 3
1340 1456 1
1340 1328 2
1340 1456 3
1341 1121 0
1342 1997 0
1342 1456 1
1342 1456 2
1342 1121 3
1343 1998 1
1343 1328 3
1344 1999 0
1344 1998 3
1345 1328 1
1345 1997 3
1346 1456 0
1346 1822 2
1347 1822 0
1347 1121 2
1348 1999 0
1348 1328 3
1349 1121 0
1349 1999 2
1350 1456 0
1350 1121 1
1350 1456 2
1350 1999 3
1351 1328 0
1351 1456 1
1351 1328 2
1351 1121 3
1352 1121 0
1352 1328 3
1353 1121 0
1353 1999 2
1353 1998 3
1354 1456 0
1354 1121 2
1355 1456 0
1355 1999 1
1355 1456 2
1356 1998 0
1356 1456 1
1356 1997 2
1356 1456 3
1357 1121 0
1357 1998 3
1358 1328 0
1358 1456 1
1358 1997 2
1358 1822 3
1359 1456 1
1359 1998 2
1359 1456 3
1360 1822 0
1360 1999 2
1361 1997 1
1361 1998 2
1361 1456 3
1362 1456 0
1362 1999 1
1362 1822 2
1363 1997 0
1363 1456 1
1363 1456 2
1363 1999 3
1364 1997 3
1365 1456 1
1365 1997 2
1365 1456 3
1366 1998 1
1366 1997 3
1367 1456 0
1367 1121 1
1367 1822 2
1368 1822 0
1369 1998 0
1369 1456 1
1369 1456 2
1369 1822 3
1370 1456 0
1370 1999 2
1371 1328 0
1371 1822 1
1371 1456 2
1371 1121 3
1372 1998 0
1372 1456 1
1372 1997 2
1372 1121 3
1373 1999 0
1373 1998 1
1373 1328 3
1374 1997 0
1374 1121 1
1374 1456 2
1374 1999 3
1375 1999 0
1375 1998 1
1375 1997 3
1376 1998 0
1376 1456 1
1376 1997 2
1376 1822 3
1377 1999 0
1377 1997 3
1378 1456 0
1378 1999 1
1378 1121 2
1379 1456 0
1379 1822 1
1379 1456 2
1380 1328 0
1380 1822 1
1380 1456 2
1380 1999 3
1381 1998 0
1381 1456 1
1381 1456 2
1381 1999 3
1382 1998 1
1382 1998 2
1382 1456 3
1383 1822 0
1383 1328 3
1384 1997 0
1384 1121 1
1384 1822 2
1385 1121 0
1385 1999 2
1385 1328 3
1386 1998 0
1386 1456 1
1386 1328 2
1386 1456 3
1387 1328 0
1387 1822 1
1387 1328 2
1387 1121 3
1388 1999 0
1388 1328 1
1388 1997 3
1389 1328 0
1389 1121 1
1389 1997 2
1389 1121 3
1390 1999 0
1390 1328 1
1390 1328 3
1391 1121 0
1391 1121 2
1391 1998 3
1392 1121 0
1392 1328 1
1392 1999 2
1392 1328 3
1393 1328 0
1393 1121 1
1393 1456 2
1393 1121 3
1394 1121 0
1394 1121 2
1394 1328 3
1395 1456 1
1395 1328 2
1395 1822 3
1396 1997 0
1396 1121 1
1396 1456 2
1397 1456 1
1397 1328 3
1398 1822 0
1398 1121 2
1398 1998 3
1399 1998 0
1399 1822 1
1399 1997 2
1399 1999 3
1400 1328 0
1400 1121 1
1400 1456 2
1401 1998 0
1401 1456 1
1401 1328 2
1401 1121 3
1402 1121 0
1402 1998 1
1402 1999 2
1402 1328 3
1403 1822 0
1403 1999 2
1403 1998 3
1404 1997 1
1404 1998 2
1404 1822 3
1405 1328 1
1405 1998 2
1405 1456 3
1406 1456 0
1406 1121 2
1406 1998 3
1407 1121 0
1407 1998 1
1407 1328 3
1408 1328 0
1408 1822 1
1408 1997 2
1408 1121 3
1409 1121 0
1409 1328 1
1409 1121 2
1410 1121 0
1410 1328 1
1410 1328 3
1411 1997 0
1411 1999 1
1411 1456 2
1412 1121 0
1412 1998 1
1412 1121 2
1412 1328 3
1413 1822 0
1413 1121 2
1413 1328 3
1414 1121 0
1414 1328 1
1414 1456 3
1415 1456 1
1415 1822 3
1416 1456 0
1416 1822 1
1416 1822 2
1417 1997 0
1417 1456 1
1417 1456 2
1417 1822 3
1418 1456 1
1418 1997 2
1418 1822 3
1419 1822 0
1419 1998 3
1420 1998 0
1420 1997 1
1420 1456 2
1420 1822 3
1421 1997 1
1421 1997 2
1421 1456 3
1422 1456 0
1422 1822 1
1422 1999 2
1423 1456 0
1423 1456 1
1423 1822 2
1423 1999 3
1424 1999 0
1425 1998 0
1425 1456 1
1425 1456 2
1425 1456 3
1426 1456 0
1426 1999 1
1426 1999 2
1427 1998 2
1427 1997 3
1428 1997 1
1428 1997 2
1428 1822 3
1429 1998 0
1429 1456 1
1429 1456 2
1429 1121 3
1430 1822 0
1430 599 3
1431 1456 0
1431 1999 1
1431 1999 2
1431 1998 3
1432 1998 0
1432 1456 1
1432 1456 2
1432 1460 3
1433 1822 0
1433 1997 3
1434 1997 0
1434 1456 1
1434 1822 2
1435 1997 0
1435 1822 1
1435 1822 2
1436 1998 1
1436 1997 2
1436 1456 3
1437 1822 0
1437 1999 1
1437 1998 3
1438 599 1
1438 1997 2
1438 1456 3
1439 1456 0
1439 1822 1
1439 1460 2
1440 1999 0
1440 599 3
1441 599 1
1441 1456 2
1441 1822 3
1442 1999 0
1442 1998 2
1442 1456 3
1443 599 1
1443 1997 2
1443 1822 3
1444 1999 0
1444 1998 2
1444 1997 3
1445 1998 0
1445 1997 1
1445 1456 2
1445 1460 3
1446 1456 0
1446 1460 1
1446 1999 2
1447 599 2
1447 1456 3
1448 1456 0
1448 1456 1
1448 1456 2
1448 1822 3
1449 599 0
1449 1456 1
1449 1456 2
1449 1456 3
1450 599 0
1450 1456 1
1450 1456 2
1450 1822 3
1451 1456 0
1451 1456 1
1451 1999 2
1452 1460 0
1453 1997 2
1453 1456 3
1454 599 0
1454 1997 1
1454 1456 2
1454 1456 3
1455 1456 0
1455 1460 1
1457 1456 0
1457 1456 1
1457 1460 2
1458 599 3
1459 1456 0
1459 1456 1
1459 1460 2
1459 1460 3
1460 1456 0
1460 1456 1
1461 1998 0
1461 599 1
1461 1456 2
1461 1456 3
1462 1822 0
1462 1460 1
1463 599 1
1463 1456 2
1463 1456 3
1464 1999 0
1464 1998 2
1464 599 3
1465 1998 1
1465 1456 2
1465 1456 3
1466 599 0
1466 1456 1
1466 1822 2
1466 1460 3
1467 1460 0
1467 1998 2
1467 599 3
1468 599 0
1468 1456 1
1468 1822 2
1468 1999 3
1469 599 2
1469 1997 3
1470 1456 0
1470 1822 1
1471 599 0
1471 599 1
1471 1456 2
1471 1456 3
1472 599 0
1472 599 1
1472 1460 2
1472 1460 3
1473 1456 2
1473 599 3
1474 1997 0
1474 1822 1
1474 1456 2
1475 1456 1
1475 1997 2
1475 1121 3
1476 1999 0
1476 1998 1
1476 1456 3
1477 1997 1
1477 1328 2
1477 1822 3
1478 1456 0
1478 1999 2
1478 1998 3
1479 1121 0
1479 1998 1
1479 1997 3
1480 1456 0
1480 1121 2
1480 1328 3
1481 1999 0
1481 1998 1
1481 1998 2
1481 1456 3
1482 1456 0
1482 1460 1
1482 1998 3
1483 1998 0
1483 1456 1
1483 1997 2
1483 1999 3
1484 1999 0
1484 1998 1
1484 1998 2
1484 1822 3
1485 1997 0
1485 1456 1
1485 1460 2
1486 1456 0
1486 1999 1
1486 599 3
1487 1998 0
1487 1997 1
1487 1456 2
1487 1999 3
1488 1328 0
1488 1121 1
1488 1997 2
1488 1999 3
1489 1998 0
1489 1822 1
1489 1328 2
1489 1121 3
1490 1456 1
1490 1328 2
1490 1121 3
1491 1999 0
1491 1328 1
1491 1998 2
1491 1822 3
1492 1997 0
1492 1999 1
1492 1822 2
1492 1998 3
1493 1999 0
1493 1997 1
1493 1456 3
1494 1822 1
1494 1328 2
1494 1121 3
1495 1998 0
1495 1121 1
1495 1328 2
1495 1999 3
1496 1999 0
1496 1997 1
1496 1822 3
1497 1999 0
1497 1997 1
1497 1998 2
1497 1121 3
1498 1328 0
1498 1121 1
1498 1997 2
1499 1121 0
1499 1998 1
1499 1456 3
1500 1456 0
1500 1999 2
1500 1997 3
1501 1328 0
1501 1822 1
1501 1822 2
1502 1997 1
1502 1997 2
1502 1999 3
1503 1460 0
1503 1998 1
1503 1998 2
1503 1456 3
1504 1999 0
1504 1997 1
1504 1998 2
1504 1822 3
1505 1822 0
1505 1999 1
1505 1997 3
1506 1456 0
1506 1999 1
1506 1999 2
1506 1328 3
1507 1997 0
1507 1822 1
1507 1822 2
1507 1998 3
1508 599 0
1508 1997 1
1508 1460 2
1508 1999 3
1509 1460 0
1509 1460 1
1509 1998 2
1509 599 3
1510 1460 0
1510 1998 2
1510 1997 3
1511 1998 0
1511 599 1
1511 1456 2
1511 1460 3
1512 1822 0
1512 1999 1
1512 599 3
1513 1998 1
1513 1456 2
1513 1822 3
1514 599 0
1514 1997 1
1514 1460 2
1515 1460 0
1515 599 2
1515 599 3
1516 599 2
1516 599 3
1517 1460 0
1517 1460 1
1517 599 2
1518 1456 0
1518 1456 1
1518 1460 3
1519 1456 0
1519 2000 1
1519 1460 3
1520 599 0
1520 2001 1
1520 1460 2
1520 1456 3
1521 599 0
1521 599 1
1521 1460 2
1521 2002 3
1522 1456 2
1522 2000 3
1523 1997 2
1523 1822 3
1524 1997 0
1524 1822 1
1524 1999 2
1525 1999 0
1525 599 2
1525 1456 3
1526 1997 0
1526 1456 1
1526 1999 2
1527 1998 0
1527 1456 1
1527 1822 2
1527 1999 3
1528 599 0
1528 599 1
1528 1822 2
1528 1456 3
1529 1456 0
1529 2000 1
1529 2003 3
1530 599 0
1530 1460 2
1530 1456 3
1531 2001 0
1531 1456 2
1531 1456 3
1532 1460 1
1532 599 2
1532 2001 3
1533 1460 0
1533 1456 1
1533 2001 2
1534 599 2
1535 1460 0
1535 1456 1
1536 2003 0
1536 1460 1
1536 2001 2
1537 1456 0
1537 599 1
1537 2003 2
1537 2002 3
1538 1456 0
1538 2000 1
1538 1460 2
1538 1456 3
1539 2000 2
1540 1328 1
1540 2001 2
1540 1328 3
1541 1121 0
1541 1328 1
1541 1121 2
1541 2003 3
1542 1456 0
1542 1456 2
1542 2001 3
1543 1328 0
1543 1121 1
1543 1328 2
1543 2000 3
1544 1328 1
1544 1121 2
1544 2003 3
1545 1456 0
1545 1121 1
1545 1328 2
1545 1121 3
1546 2003 0
1546 1456 1
1546 1456 3
1547 1328 0
1547 1121 1
1547 2003 2
1547 1456 3
1548 2002 1
1548 1328 3
1549 1121 0
1549 1456 2
1550 1121 0
1550 2000 2
1551 1456 0
1551 1456 2
1551 1121 3
1552 1328 1
1552 1121 2
1552 1328 3
1553 2002 0
1553 1121 1
1553 1328 2
1553 2000 3
1554 1456 0
1554 2002 2
1554 1121 3
1555 1328 0
1555 1456 1
1555 2003 2
1555 1456 3
1556 1328 0
1556 1456 1
1556 1456 3
1557 1328 1
1557 1121 2
1558 1328 1
1558 2001 2
1558 2003 3
1559 2000 0
1559 1456 2
1559 2001 3
1560 1456 1
1560 2002 3
1561 2001 0
1561 2003 1
1561 1121 2
1562 1328 0
1562 2000 1
1562 2003 2
1562 1456 3
1563 1328 0
1563 2000 1
1563 1456 3
1564 2002 1
1564 2001 2
1564 1328 3
1565 2002 0
1565 2000 1
1565 2003 2
1565 1456 3
1566 2002 1
1566 2001 2
1567 2002 1
1567 2001 2
1567 2003 3
1568 2000 0
1568 1456 2
1569 2002 0
1569 1121 1
1569 2003 2
1569 1456 3
1570 1456 0
1570 2001 1
1570 1328 2
1570 1121 3
1571 1456 0
1571 2001 1
1571 2002 2
1571 1121 3
1572 2002 1
1572 1121 2
1572 1328 3
1573 1456 1
1573 1121 3
1574 1998 0
1574 1121 1
1574 1328 2
1574 1121 3
1575 1121 1
1575 1121 3
1576 2001 0
1576 1456 1
1576 1121 2
1576 2002 3
1577 1328 0
1577 1999 1
1577 1328 2
1578 2001 0
1578 1328 1
1578 1121 2
1579 1121 0
1579 2003 1
1579 1456 2
1580 1456 0
1580 2002 2
1580 2001 3
1581 2000 0
1581 2003 1
1581 1456 2
1582 2002 0
1582 2001 1
1582 1328 2
1582 1121 3
1583 1456 0
1583 2001 1
1583 1328 2
1583 2000 3
1584 1328 0
1584 1121 1
1584 1456 3
1585 2002 1
1585 1121 2
1585 2003 3
1586 2003 0
1586 2000 1
1586 1456 3
1587 2000 1
1587 1456 3
1588 1121 0
1588 1328 1
1588 2000 2
1589 1121 0
1589 1328 1
1589 2000 2
1589 2003 3
1590 1121 0
1590 1328 1
1590 1456 2
1591 2002 0
1591 1328 2
1591 2001 3
1592 1456 0
1592 1328 1
1592 1456 2
1593 2000 1
1593 2001 2
1593 1456 3
1594 1121 0
1594 2002 1
1594 1121 2
1594 1328 3
1595 1328 0
1595 1121 1
1595 1121 3
1596 2003 0
1596 1121 1
1596 2000 3
1597 1328 0
1597 1328 2
1597 1121 3
1598 1121 1
1598 2001 2
1598 1456 3
1599 2000 0
1599 1328 1
1599 1456 2
1599 1328 3
1600 1121 1
1600 1121 2
1600 1121 3
1601 1121 0
1601 1456 1
1601 1121 2
1601 1328 3
1602 2002 1
1602 2003 3
1603 1456 0
1603 2000 1
1603 2003 2
1603 1456 3
1604 2000 0
1604 1456 2
1604 1121 3
1605 2003 0
1605 1456 1
1605 2002 3
1606 1328 0
1606 1456 1
1606 2002 3
1607 1328 1
1607 2000 2
1608 2001 0
1608 2003 1
1608 2000 2
1609 2001 0
1609 2000 2
1610 1456 0
1610 1121 1
1610 2003 2
1610 1456 3
1611 2003 0
1611 1456 1
1611 1328 3
1612 1121 0
1612 1456 2
1612 2001 3
1613 2001 0
1613 1456 2
1614 2003 1
1614 2000 2
1615 1456 0
1615 2001 1
1615 2002 2
1615 2000 3
1616 2000 0
1616 2002 2
1616 2000 3
1617 1328 0
1617 2000 1
1617 2002 3
1618 2003 0
1618 1456 1
1618 2003 3
1619 2001 0
1619 2003 1
1619 1456 2
1620 1456 0
1620 2001 1
1620 1328 2
1620 1456 3
1621 1456 0
1621 2002 2
1621 2000 3
1622 2002 0
1622 2000 1
1622 2002 3
1623 2002 0
1623 1328 2
1623 1121 3
1624 1456 1
1624 2001 2
1624 1328 3
1625 2000 1
1625 1121 2
1625 1328 3
1626 1121 0
1626 2003 1
1626 1456 2
1626 2001 3
1627 1456 0
1627 2001 1
1627 2003 2
1627 2000 3
1628 2000 0
1628 2002 2
1628 2001 3
1629 2000 0
1629 2003 1
1629 2002 2
1629 2001 3
1630 2003 0
1630 2000 1
1630 2001 2
1630 2002 3
1631 1456 0
1631 1328 2
1631 2001 3
1632 1121 0
1632 1328 1
1632 1456 2
1632 1328 3
1633 2003 0
1633 1121 1
1633 2001 2
1633 1456 3
1634 1328 0
1634 2003 2
1634 1121 3
1635 1121 1
1635 1121 2
1635 2000 3
1636 2002 0
1636 1328 1
1636 1328 2
1636 2003 3
1637 1121 0
1637 1328 1
1637 2002 2
1637 1328 3
1638 2003 0
1638 2001 1
1638 2001 2
1638 1121 3
1639 1121 0
1639 1328 1
1639 2002 2
1640 2001 0
1640 2000 1
1640 2000 2
1640 1328 3
1641 1328 0
1641 1121 1
1641 2000 3
1642 2002 0
1642 2003 1
1642 2003 2
1642 1121 3
1643 1328 0
1643 2001 1
1643 1121 3
1644 1121 0
1644 2002 1
1644 2002 2
1644 1328 3
1645 1328 0
1645 2001 1
1645 2001 2
1645 1121 3
1646 1456 0
1646 1328 2
1646 2000 3
1647 2003 0
1647 2000 1
1647 2002 3
1648 2000 0
1648 2003 1
1648 1328 2
1648 1121 3
1649 1456 1
1649 2001 2
1649 2003 3
1650 1456 1
1650 1121 2
1650 2003 3
1651 2001 0
1651 2000 1
1651 1121 2
1651 1328 3
1652 2003 0
1652 1121 1
1652 2001 2
1652 2002 3
1653 2002 0
1653 2003 2
1653 1121 3
1654 1121 0
1654 1328 1
1654 2002 2
1654 2003 3
1655 2003 0
1655 2001 1
1655 1121 2
1655 2000 3
1656 1121 0
1656 2002 1
1656 2002 2
1656 2003 3
1657 2003 0
1657 1121 1
1657 1121 2
1657 2002 3
1658 2004 0
1658 1328 1
1658 2003 2
1658 2001 3
1659 1121 0
1659 2000 1
1659 2004 2
1659 1328 3
1660 1328 0
1660 1121 1
1660 1328 2
1661 1997 0
1661 1822 2
1661 1328 3
1662 1456 0
1662 1456 2
1662 1998 3
1663 1121 0
1663 1328 1
1663 1121 2
1663 1997 3
1664 1822 0
1664 1328 1
1664 1121 2
1664 1997 3
1665 1121 0
1665 1997 1
1665 1822 3
1666 1999 0
1666 1822 1
1666 1121 3
1667 1456 0
1667 1328 1
1667 1121 2
1667 1328 3
1668 1121 0
1668 1456 1
1668 1121 3
1669 1328 0
1669 1998 1
1669 1997 2
1669 1328 3
1670 1121 0
1670 1456 1
1670 1999 2
1670 1121 3
1671 1997 0
1671 1998 1
1671 1121 2
1671 1328 3
1672 1822 0
1672 1328 1
1672 1999 2
1672 1997 3
1673 1998 0
1673 1822 1
1673 1997 2
1674 1456 1
1674 1997 2
1674 1999 3
1675 1121 0
1675 1328 1
1675 1822 3
1676 1998 0
1676 1121 1
1676 1328 2
1677 1328 0
1677 1999 1
1677 1456 2
1677 1998 3
1678 1997 0
1678 1999 1
1678 1822 2
1679 1121 0
1679 1328 1
1679 1999 2
1679 1822 3
1680 1121 1
1680 1998 2
1680 1121 3
1681 1456 0
1681 1328 1
1681 1456 2
1681 1328 3
1682 1121 1
1682 1328 2
1682 1121 3
1683 2002 0
1683 1328 1
1683 1328 2
1683 1328 3
1684 1328 0
1684 1328 2
1684 2001 3
1685 1121 0
1685 1121 1
1685 1121 2
1685 2000 3
1686 1328 0
1686 1328 1
1686 1456 2
1686 1328 3
1687 1328 0
1687 1456 2
1687 1998 3
1688 1822 0
1688 1998 1
1688 1121 2
1688 1328 3
1689 1328 0
1689 1121 1
1689 2003 2
1689 1121 3
1690 1121 0
1690 1328 1
1690 2000 2
1690 1328 3
1691 599 0
1691 1456 1
1691 1460 2
1692 599 0
1692 2001 1
1692 1456 2
1692 1456 3
1693 1121 0
1693 1997 3
1694 1460 0
1694 1456 1
1694 1328 3
1695 1456 0
1695 2001 1
1695 1456 2
1695 1121 3
1696 1456 0
1696 1456 1
1696 2002 2
1696 1456 3
1697 2001 0
1697 1456 2
1697 2001 3
1698 1456 0
1698 2000 1
1698 1456 2
1698 1456 3
1699 1328 1
1700 1456 0
1700 1822 1
1700 1456 2
1700 1121 3
1701 1328 0
1701 1456 1
1701 1456 2
1701 1456 3
1702 1456 0
1702 1822 1
1702 1456 2
1702 1999 3
1703 1328 0
1703 1456 1
1703 1456 2
1703 1999 3
1704 2001 0
1704 1328 1
1704 2000 2
1704 1456 3
1705 1998 0
1705 1456 1
1705 1328 2
1705 1822 3
1706 1998 3
1707 1328 0
1707 1456 1
1707 1997 2
1707 1456 3
1708 1997 1
1708 1328 2
1708 1456 3
1709 2001 0
1709 1121 1
1709 1121 2
1709 1121 3
1710 1328 0
1710 1328 1
1710 1328 2
1710 2001 3
1711 1328 0
1711 2003 1
1711 1328 2
1711 2001 3
1712 1121 0
1712 1121 1
1712 1121 2
1712 1121 3
1713 1328 0
1713 2003 1
1713 2003 2
1713 1121 3
1714 2001 0
1714 1121 1
1714 1121 2
1714 2004 3
1715 1121 0
1715 1121 1
1715 2000 2
1715 1328 3
1716 1121 0
1716 2002 1
1716 1328 2
1716 1328 3
1717 1328 0
1717 1328 1
1717 2003 2
1717 2001 3
1718 1328 0
1718 2003 1
1718 1121 2
1718 1121 3
1719 1121 0
1719 1121 1
1719 1121 2
1719 2004 3
1720 1121 0
1720 1121 1
1720 1121 2
1720 1456 3
1721 1456 0
1721 1328 1
1721 2002 2
1722 2001 0
1722 1121 1
1722 1121 2
1722 2000 3
1723 2000 0
1723 1328 1
1723 1328 2
1723 1328 3
1724 1328 0
1724 2001 2
1724 1121 3
1725 2003 0
1725 1121 1
1725 2001 2
1725 2000 3
1726 1121 0
1726 2002 1
1726 2000 2
1726 1328 3
1727 1456 1
1727 1121 2
1727 1328 3
1728 1328 0
1728 2003 1
1728 2001 2
1728 1121 3
1729 1121 0
1729 2004 1
1729 2002 2
1729 1328 3
1730 1121 0
1730 2004 1
1730 1328 2
1730 1328 3
1731 1121 0
1731 1121 1
1731 2004 2
1731 1328 3
1732 2003 0
1732 1121 1
1732 1121 2
1732 2004 3
1733 1328 0
1733 1328 1
1733 2005 2
1733 1121 3
1734 2005 0
1734 1121 1
1734 2000 2
1734 2004 3
1735 2003 0
1735 2005 1
1735 1121 2
1735 1121 3
1736 2002 0
1736 1328 1
1736 2005 2
1736 2001 3
1737 2003 0
1737 2001 1
1737 1121 2
1737 1121 3
1738 1121 0
1738 2000 1
1738 2002 2
1738 1328 3
1739 2004 0
1739 1328 1
1739 1328 2
1739 2003 3
1740 2000 0
1740 1328 2
1740 2001 3
1741 1121 0
1741 2002 1
1741 2004 2
1741 1328 3
1742 2001 0
1742 1121 1
1742 2004 2
1742 2002 3
1743 2000 0
1743 2002 1
1743 1328 2
1743 2003 3
1744 2001 0
1744 1121 1
1744 2004 2
1744 1328 3
1745 1328 0
1745 2001 1
1745 2001 2
1745 2000 3
1746 2000 0
1746 2003 1
1746 1328 2
1746 2001 3
1747 2004 0
1747 1328 1
1747 1328 2
1747 2001 3
1748 1460 0
1748 1999 1
1749 1328 0
1749 1456 1
1749 1997 2
1749 1121 3
1750 2000 0
1750 599 1
1750 1456 2
1750 1456 3
1751 1456 0
1751 1456 1
1751 1456 2
1751 1121 3
1752 1456 0
1752 1456 1
1752 2003 2
1752 1456 3
1753 2003 1
1753 2001 2
1754 2003 0
1754 1456 1
1754 2001 2
1754 1328 3
1755 1456 0
1755 1456 1
1755 1456 2
1755 2000 3
1756 1328 0
1756 1456 1
1756 1456 2
1756 1822 3
1757 1997 0
1757 1456 1
1757 1456 2
1757 1456 3
1758 1456 0
1758 1456 1
1758 2003 2
1758 1460 3
1759 1456 0
1759 1456 1
1759 1460 2
1759 1456 3
1760 2001 2
1761 599 0
1761 1456 2
1761 1456 3
1762 2003 0
1762 1460 1
1763 1456 0
1763 599 1
1763 1456 2
1763 1456 3
1764 1456 0
1764 1456 1
1764 2003 3
1765 2001 0
1765 1456 2
1765 2000 3
1766 2000 0
1766 1456 2
1766 2000 3
1767 2003 1
1768 1456 0
1768 1456 1
1768 2003 2
1768 2002 3
1769 2001 0
1769 1456 2
1769 599 3
1770 2000 0
1770 1456 2
1770 1456 3
1771 1456 0
1771 2000 1
1771 1328 2
1771 1456 3
1772 2002 0
1772 1456 1
1772 2002 3
1773 2002 1
1774 1456 0
1774 2001 1
1774 2002 2
1774 1456 3
1775 1456 2
1775 2001 3
1776 2002 0
1776 1456 1
1776 2003 3
1777 1456 0
1777 2001 1
1777 1456 2
1777 1456 3
1778 1456 0
1778 1456 2
1778 2000 3
1779 1456 0
1779 1121 1
1779 2002 2
1779 1456 3
1780 2002 0
1780 1456 1
1781 599 0
1781 599 1
1781 1460 2
1781 1456 3
1782 2000 0
1782 599 1
1782 2002 2
1782 1456 3
1783 1460 0
1783 2002 1
1784 2003 0
1784 1460 1
1784 599 2
1785 2000 0
1785 2001 1
1785 1456 2
1785 1456 3
1786 1460 1
1786 2001 2
1787 2000 2
1787 599 3
1788 2000 2
1788 2001 3
1789 1456 0
1789 1456 1
1789 2002 3
1790 2003 0
1790 2002 1
1791 599 0
1791 2002 2
1791 2000 3
1792 2000 0
1792 2001 1
1792 1460 2
1792 1456 3
1793 1460 1
1793 599 2
1794 2003 1
1794 2000 2
1794 2001 3
1795 2003 0
1795 1456 1
1796 599 0
1796 1456 2
1796 2000 3
1797 1456 0
1797 2000 1
1797 2002 2
1797 1456 3
1798 1460 1
1799 2002 0
1799 2000 1
1799 1456 3
1800 1456 0
1800 1456 1
1800 1328 2
1800 1456 3
1801 1456 0
1801 1121 1
1801 1456 2
1801 1456 3
1802 2002 0
1802 1456 1
1802 2003 2
1802 1456 3
1803 2002 0
1803 1456 1
1803 1456 3
1804 1121 2
1805 1328 1
1805 2001 2
1806 2003 1
1806 1121 2
1807 1456 0
1807 2001 1
1807 1456 2
1807 2000 3
1808 1456 0
1808 1121 1
1808 1328 2
1808 2000 3
1809 2002 0
1809 1121 1
1809 1328 2
1809 1456 3
1810 1121 0
1810 2003 1
1810 2000 2
1811 2002 0
1811 2000 1
1811 1328 2
1811 1456 3
1812 1456 0
1812 1121 1
1812 1456 2
1812 2000 3
1813 1328 0
1813 1121 1
1813 1328 2
1813 1456 3
1814 1121 0
1814 2003 1
1814 1121 2
1815 2002 0
1815 1121 1
1815 1328 2
1815 1121 3
1816 1998 1
1816 1456 3
1817 2002 0
1817 1456 1
1817 1328 2
1817 1456 3
1818 2001 0
1818 1121 2
1819 2002 0
1819 1456 1
1819 1997 2
1819 1456 3
1820 1998 2
1820 1456 3
1821 1456 0
1821 1456 1
1821 1456 2
1821 1999 3
1822 1456 0
1822 1456 1
1822 1456 2
1823 1328 1
1823 2003 3
1824 1328 0
1824 2000 1
1824 1328 2
1824 1456 3
1825 1456 0
1825 2001 1
1825 2003 2
1825 1456 3
1826 2001 0
1826 2003 1
1826 1456 2
1826 2001 3
1827 1456 1
1827 2003 3
1828 2002 1
1828 1121 2
1829 1456 0
1829 2003 2
1829 2000 3
1830 2002 0
1830 2001 1
1830 2003 2
1830 2000 3
1831 2002 1
1831 2000 2
1832 2001 0
1832 1328 1
1832 1456 2
1833 2000 0
1833 2002 2
1833 1121 3
1834 2002 0
1834 2001 1
1834 2003 2
1834 1456 3
1835 1328 0
1835 1121 1
1835 2002 3
1836 2000 0
1836 2003 1
1836 2002 2
1836 1121 3
1837 2002 0
1837 2003 2
1837 2000 3
1838 2001 0
1838 2002 1
1838 1456 2
1839 2001 0
1839 1456 1
1839 2000 2
1839 2003 3
1840 2003 0
1840 2001 1
1840 1121 2
1840 2004 3
1841 1328 0
1841 2001 1
1841 2001 2
1841 2002 3
1842 1121 0
1842 2002 1
1842 1328 2
1842 2005 3
1843 1121 0
1843 1328 1
1843 2002 2
1843 2001 3
1844 2001 0
1844 2002 1
1844 2000 2
1844 2003 3
1845 2002 0
1845 1121 1
1845 1456 3
1846 2000 1
1846 2000 2
1846 1328 3
1847 2003 0
1847 2001 1
1847 2001 2
1847 2002 3
1848 2002 0
1848 2001 1
1848 1456 3
1849 2002 0
1849 2003 1
1849 2003 2
1849 2000 3
1850 2002 1
1850 2000 2
1850 2003 3
1851 2000 1
1851 2000 2
1851 2003 3
1852 1456 0
1852 1328 2
1852 1121 3
1853 1456 0
1853 1121 1
1853 1328 2
1853 1456 3
1854 1121 0
1854 2002 1
1854 1328 2
1854 2003 3
1855 2002 0
1855 1328 1
1855 2003 2
1855 1121 3
1856 1121 0
1856 2004 1
1856 1328 2
1856 2003 3
1857 2001 0
1857 1121 1
1857 1328 2
1857 1328 3
1858 2000 0
1858 2002 1
1858 1328 2
1858 2005 3
1859 1328 0
1859 2003 1
1859 2001 2
1859 2000 3
1860 1121 0
1860 2004 1
1860 2002 2
1860 2003 3
1861 1328 0
1861 2003 1
1861 1121 2
1861 2000 3
1862 2005 0
1862 2001 1
1862 2004 2
1862 2002 3
1863 2003 0
1863 2005 1
1863 1121 2
1863 2004 3
1864 2004 0
1864 2004 1
1864 2003 2
1864 2005 3
1865 2005 0
1865 1121 1
1865 2004 2
1865 2002 3
1866 2000 0
1866 1328 1
1866 2003 2
1866 2001 3
1867 1121 0
1867 2004 1
1867 1328 2
1867 2005 3
1868 2002 0
1868 1328 1
1868 2005 2
1868 1121 3
1869 2004 0
1869 1328 1
1869 2005 2
1869 2001 3
1870 1328 0
1870 2005 1
1870 1121 2
1870 2004 3
1871 2004 0
1871 2003 1
1871 2003 2
1871 1121 3
1872 1121 0
1872 2002 1
1872 1328 2
1872 2001 3
1873 2003 0
1873 1121 1
1873 2000 2
1873 1328 3
1874 2004 0
1874 1328 1
1874 2005 2
1874 1121 3
1875 2003 0
1875 2001 1
1875 2000 2
1875 2002 3
1876 2003 0
1876 2001 1
1876 2000 2
1876 2004 3
1877 2001 0
1877 2000 1
1877 2004 2
1877 2003 3
1878 1328 0
1878 2001 1
1878 1121 2
1878 2004 3
1879 2002 0
1879 2003 1
1879 2001 2
1879 2000 3
1880 2000 0
1880 2002 1
1880 2003 2
1880 2001 3
1881 2004 0
1881 1328 1
1881 2001 2
1881 1121 3
1882 2001 0
1882 2000 1
1882 1328 2
1882 2003 3
1883 2003 0
1883 2005 1
1883 2004 2
1883 2004 3
1884 1121 0
1884 2000 1
1884 1328 2
1884 2003 3
1885 2002 0
1885 1328 1
1885 2001 2
1885 2000 3
1886 2005 0
1886 2001 1
1886 2002 2
1886 1328 3
1887 2000 0
1887 2004 1
1887 2005 2
1887 2001 3
1888 1328 0
1888 2000 1
1888 2001 2
1888 2002 3
1889 2000 0
1889 2003 2
1889 1121 3
1890 1456 2
1890 1997 3
1891 2001 0
1891 2004 1
1891 2002 2
1891 2003 3
1892 2001 0
1892 2003 1
1892 2002 2
1892 2001 3
1893 2003 0
1893 2000 1
1893 2000 2
1893 2003 3
1894 2002 0
1894 2003 1
1894 2001 2
1894 2004 3
1895 2001 0
1895 2004 1
1895 1328 2
1895 2005 3
1896 2003 0
1896 2000 1
1896 2001 2
1896 1328 3
1897 1328 0
1897 2001 1
1897 1121 2
1897 2002 3
1898 2002 0
1898 2001 2
1898 2000 3
1899 1997 1
1899 599 2
1899 1456 3
1900 2002 0
1900 2001 1
1900 2000 3
1901 2000 0
1901 2003 1
1901 2003 2
1901 1121 3
1902 2000 0
1902 1328 1
1902 2002 2
1902 2001 3
1903 2001 0
1903 2002 1
1903 2002 2
1904 1328 0
1904 2005 1
1904 2001 2
1904 2004 3
1905 2000 1
1905 1121 2
1905 2003 3
1906 2003 0
1906 2000 1
1906 1121 2
1906 1328 3
1907 2002 0
1907 2003 1
1907 2000 3
1908 2000 0
1908 1328 1
1908 1328 2
1908 2001 3
1909 2001 0
1909 1121 1
1909 2002 2
1909 2003 3
1910 2004 0
1910 2002 1
1910 2005 2
1910 1121 3
1911 2004 0
1911 1328 1
1911 2001 2
1911 2000 3
1912 2001 0
1912 2000 1
1912 2002 2
1912 2003 3
1913 1328 0
1913 2003 1
1913 1121 2
1913 2004 3
1914 2003 0
1914 1121 1
1914 2002 3
1915 2001 0
1915 1328 1
1915 2000 2
1916 2003 0
1916 1121 1
1916 1121 2
1916 1328 3
1917 2003 0
1917 2001 1
1917 1121 2
1917 2002 3
1918 1121 0
1918 2002 1
1918 2002 2
1919 2003 0
1919 2000 1
1919 2000 2
1919 1328 3
1920 1328 0
1920 2005 1
1920 2001 2
1920 2000 3
1921 2003 0
1921 2005 1
1921 2004 2
1921 2002 3
1922 1121 0
1922 2004 1
1922 2003 2
1922 2001 3
1923 2005 0
1923 1121 1
1923 2004 2
1923 1328 3
1924 2000 0
1924 2002 1
1924 2005 2
1924 2001 3
1925 2003 0
1925 2001 1
1925 2000 2
1925 1328 3
1926 2004 0
1926 2003 1
1926 2005 2
1926 2000 3
1927 2003 0
1927 1121 1
1927 2004 2
1927 1328 3
1928 2004 0
1928 2003 1
1928 2001 2
1928 2000 3
1929 2002 0
1929 2003 1
1929 1121 2
1929 2004 3
1930 2005 0
1930 2000 1
1930 2002 2
1930 2003 3
1931 2004 0
1931 2003 1
1931 2001 2
1931 2004 3
1932 2001 0
1932 2000 1
1932 1328 2
1932 2005 3
1933 2000 0
1933 2003 2
1933 2000 3
1934 2000 0
1934 1328 2
1934 2000 3
1935 1121 0
1935 2002 1
1935 2003 2
1935 2001 3
1936 2001 0
1936 2002 1
1936 2002 2
1936 2001 3
1937 2003 0
1937 2005 1
1937 2000 2
1937 2002 3
1938 2000 0
1938 2002 1
1938 2005 2
1938 1121 3
1939 2003 0
1939 2001 1
1939 2004 2
1939 1328 3
1940 2000 0
1940 1328 1
1940 2003 2
1940 1121 3
1941 2005 0
1941 2001 1
1941 2004 2
1941 1328 3
1942 2000 0
1942 1328 1
1942 2005 2
1942 1121 3
1943 2005 0
1943 1456 1
1943 2004 2
1943 2003 3
1944 2003 0
1944 2000 1
1944 2004 2
1944 2003 3
1945 2001 0
1945 2002 1
1945 1328 2
1945 2001 3
1946 2003 0
1946 2001 1
1946 2001 2
1946 2003 3
1947 1997 0
1947 1822 1
1947 1456 2
1947 1999 3
1948 1456 0
1948 2001 1
1948 1456 2
1949 1822 0
1949 1999 1
1950 1998 0
1950 1456 1
1950 2003 2
1950 1456 3
1951 1460 0
1951 1998 3
1952 1328 0
1952 1121 1
1952 2003 2
1952 2000 3
1953 1121 0
1953 2002 1
1953 1456 2
1953 2003 3
1954 2002 1
1954 1456 3
1955 1997 0
1955 1456 1
1955 1456 2
1955 1460 3
1956 1997 1
1956 1456 2
1956 1456 3
1957 1328 0
1957 2001 2
1957 2000 3
1958 1121 0
1958 1328 1
1958 1328 2
1958 2001 3
1959 2001 0
1959 2002 1
1959 2002 2
1959 2003 3
1960 1121 0
1960 2002 1
1960 2000 2
1960 2003 3
1961 2000 0
1961 2003 1
1961 2002 2
1962 2003 0
1962 1121 1
1962 2000 2
1962 2003 3
1963 2002 0
1963 2001 1
1963 2001 2
1963 2002 3
1964 2001 0
1964 2000 1
1964 2000 2
1964 2003 3
1965 2000 0
1965 2003 1
1965 2003 2
1965 2001 3
1966 1121 1
1966 1456 3
1967 2003 0
1967 1121 1
1967 1456 3
1968 1328 0
1968 2001 1
1968 2000 3
1969 1121 0
1969 2002 1
1969 1121 2
1969 2003 3
1970 2001 0
1970 2002 1
1970 1121 2
1970 1328 3
1971 1997 0
1971 1456 1
1971 1822 2
1971 1460 3
1972 599 0
1972 1456 1
1972 1456 2
1972 1460 3
1973 1998 0
1973 1997 1
1973 1456 2
1973 1456 3
1974 599 0
1974 1456 1
1974 1456 2
1974 1999 3
1975 1456 0
1975 1456 1
1975 1822 2
1976 1456 0
1976 1460 1
1976 1121 2
1977 1328 0
1977 1121 1
1977 1456 2
1977 1999 3
1978 1456 0
1978 1121 1
1978 2002 2
1978 2000 3
1979 2001 0
1979 2002 2
1979 2001 3
1980 1456 0
1980 1456 1
1980 1460 2
1980 1822 3
1981 1456 1
1981 2000 2
1981 2003 3
1982 2003 0
1982 2000 1
1982 2001 2
1982 2003 3
1983 2000 0
1983 2001 1
1983 2002 2
1983 1456 3
1984 1456 0
1984 2001 1
1984 2002 3
1985 2003 0
1985 2000 1
1985 2003 3
1986 2001 0
1986 1328 1
1986 2002 2
1987 2001 0
1987 2002 1
1987 2004 2
1988 1328 0
1988 2001 1
1988 2003 2
1988 2000 3
1989 2003 0
1989 1456 1
1989 1121 2
1989 2003 3
1990 2001 0
1990 2002 1
1990 1121 2
1990 2003 3
1991 2002 0
1991 2001 1
1991 1328 2
1991 2000 3
1992 2000 0
1992 2002 2
1992 1456 3
1993 1456 0
1993 599 1
1993 2002 2
1993 1456 3
1994 2002 0
1994 1456 1
1994 1460 3
1995 599 2
1995 2001 3
1996 1456 0
1996 1456 1
1996 1456 2
1996 1460 3
1997 1456 1
1997 1456 2
1997 1456 3
1998 1456 3
1999 1456 0
2000 1456 0
2000 1456 2
2000 1456 3
2001 1456 2
2002 1456 0
2002 1456 1
2002 1456 3
2003 1456 1
2004 1456 0
2004 1456 3
2005 1456 1
2005 1456 2
