1199
446
0 1 0
0 2 1
0 3 2
0 4 3
1 5 0
1 6 1
1 7 2
1 8 3
2 9 0
2 10 1
2 11 2
2 12 3
3 13 0
3 14 1
3 15 2
3 16 3
4 17 0
4 18 1
4 19 2
4 20 3
5 21 0
5 22 1
5 23 2
5 24 3
6 25 0
6 26 1
6 27 2
6 28 3
7 29 0
7 30 1
7 31 2
7 32 3
8 33 0
8 34 1
8 35 2
8 36 3
9 37 0
9 38 1
9 39 2
9 40 3
10 41 0
10 42 1
10 43 2
10 44 3
11 45 0
11 46 1
11 47 2
11 48 3
12 49 0
12 50 1
12 51 2
12 52 3
13 53 0
13 54 1
13 55 2
13 56 3
14 57 0
14 58 1
14 59 2
14 60 3
15 61 0
15 62 1
15 63 2
15 64 3
16 65 0
16 66 1
16 67 2
16 68 3
17 69 0
17 70 1
17 71 2
17 72 3
18 73 0
18 74 1
18 75 2
18 76 3
19 77 0
19 78 1
19 79 2
19 80 3
20 81 0
20 82 1
20 83 2
20 84 3
21 85 0
21 86 1
21 87 2
21 88 3
22 89 0
22 90 1
22 91 2
22 92 3
23 93 0
23 94 1
23 95 2
23 96 3
24 97 0
24 98 1
24 99 2
24 100 3
25 101 0
25 102 1
25 103 2
25 104 3
26 105 0
26 106 1
26 107 2
26 108 3
27 109 0
27 110 1
27 111 2
27 112 3
28 113 0
28 114 1
28 115 2
28 116 3
29 117 0
29 118 1
29 119 2
29 120 3
30 121 0
30 122 1
30 123 2
30 124 3
31 125 0
31 126 1
31 127 2
31 128 3
32 129 0
32 130 1
32 131 2
32 132 3
33 133 0
33 134 1
33 135 2
33 136 3
34 137 0
34 138 1
34 139 2
34 140 3
35 141 0
35 142 1
35 143 2
35 144 3
36 145 0
36 146 1
36 147 2
36 148 3
37 149 0
37 150 1
37 151 2
37 152 3
38 153 0
38 154 1
38 155 2
38 156 3
39 157 0
39 158 1
39 159 2
39 160 3
40 161 0
40 162 1
40 163 2
40 164 3
41 165 0
41 166 1
41 167 2
41 168 3
42 169 0
42 170 1
42 171 2
42 172 3
43 173 0
43 174 1
43 175 2
43 176 3
44 177 0
44 178 1
44 179 2
44 180 3
45 181 0
45 182 1
45 183 2
45 184 3
46 185 0
46 186 1
46 187 2
46 188 3
47 189 0
47 190 1
47 191 2
47 192 3
48 193 0
48 194 1
48 195 2
48 196 3
49 197 0
49 198 1
49 199 2
49 200 3
50 201 0
50 202 1
50 203 2
50 204 3
51 205 0
51 206 1
51 207 2
51 208 3
52 209 0
52 210 1
52 211 2
52 212 3
53 213 0
53 214 1
53 215 2
53 216 3
54 217 0
54 218 1
54 219 2
54 220 3
55 221 0
55 222 1
55 223 2
55 224 3
56 225 0
56 226 1
56 227 2
56 228 3
57 229 0
57 230 1
57 231 2
57 232 3
58 233 0
58 234 1
58 235 2
58 236 3
59 237 0
59 238 1
59 239 2
59 240 3
60 241 0
60 242 1
60 243 2
60 244 3
61 245 0
61 246 1
61 247 2
61 248 3
62 249 0
62 250 1
62 251 2
62 252 3
63 253 0
63 254 1
63 255 2
63 256 3
64 257 0
64 258 1
64 259 2
64 260 3
65 261 0
65 262 1
65 263 2
65 264 3
66 265 0
66 266 1
66 267 2
66 268 3
67 269 0
67 270 1
67 271 2
67 272 3
68 273 0
68 274 1
68 275 2
68 276 3
69 277 0
69 278 1
69 279 2
69 280 3
70 281 0
70 282 1
70 283 2
70 284 3
71 285 0
71 286 1
71 287 2
71 288 3
72 289 0
72 290 1
72 291 2
72 292 3
73 293 0
73 294 1
73 295 2
73 296 3
74 297 0
74 298 1
74 299 2
74 300 3
75 301 0
75 302 1
75 303 2
75 304 3
76 305 0
76 306 1
76 307 2
76 308 3
77 309 0
77 310 1
77 311 2
77 312 3
78 313 0
78 314 1
78 315 2
78 316 3
79 317 0
79 318 1
79 319 2
79 320 3
80 321 0
80 322 1
80 323 2
80 324 3
81 325 0
81 326 1
81 327 2
81 328 3
82 329 0
82 330 1
82 331 2
82 332 3
83 333 0
83 334 1
83 335 2
83 336 3
84 337 0
84 338 1
84 339 2
84 340 3
85 341 0
85 342 1
85 343 2
85 344 3
86 345 0
86 346 1
86 347 2
86 348 3
87 349 0
87 350 1
87 351 2
87 352 3
88 353 0
88 354 1
88 355 2
88 356 3
89 357 0
89 358 1
89 359 2
89 360 3
90 361 0
90 362 1
90 363 2
90 364 3
91 365 0
91 366 1
91 367 2
91 368 3
92 369 0
92 370 1
92 371 2
92 372 3
93 373 0
93 374 1
93 375 2
93 376 3
94 377 0
94 378 1
94 379 2
94 380 3
95 381 0
95 382 1
95 383 2
95 384 3
96 385 0
96 386 1
96 387 2
96 388 3
97 389 0
97 390 1
97 391 2
97 392 3
98 393 0
98 394 1
98 395 2
98 396 3
99 397 0
99 398 1
99 399 2
99 400 3
100 401 0
100 402 1
100 403 2
100 404 3
101 405 0
101 406 1
101 407 2
101 408 3
102 409 0
102 410 1
102 411 2
102 412 3
103 413 0
103 414 1
103 415 2
103 416 3
104 417 0
104 418 1
104 419 2
104 420 3
105 421 0
105 422 1
105 423 2
105 424 3
106 425 0
106 426 1
106 427 2
106 428 3
107 429 0
107 430 1
107 431 2
107 432 3
108 433 0
108 434 1
108 435 2
108 436 3
109 437 0
109 438 1
109 439 2
109 440 3
110 441 0
110 442 1
110 443 2
110 444 3
111 445 0
111 446 1
111 447 2
111 448 3
112 449 0
112 450 1
112 451 2
112 452 3
113 453 0
113 454 1
113 455 2
113 456 3
114 457 0
114 458 1
114 459 2
114 460 3
115 461 0
115 445 1
115 431 2
115 462 3
116 463 0
116 464 1
116 465 2
116 466 3
117 467 0
117 468 1
117 469 2
117 470 3
118 471 0
118 472 1
118 473 2
118 474 3
119 475 0
119 476 1
119 477 2
119 478 3
120 479 0
120 480 1
120 481 2
120 482 3
121 483 0
121 484 1
121 485 2
121 486 3
122 487 0
122 464 1
122 488 2
122 436 3
123 489 0
123 490 1
123 491 2
123 492 3
124 493 0
124 494 1
124 495 2
124 496 3
125 497 0
125 498 1
125 499 2
125 500 3
126 501 0
126 502 1
126 503 2
126 504 3
127 505 0
127 506 1
127 507 2
127 508 3
128 509 0
128 510 1
128 511 2
128 512 3
129 513 0
129 514 1
129 515 2
129 516 3
130 517 0
130 518 1
130 519 2
130 520 3
131 397 0
131 521 1
131 522 2
131 523 3
132 524 0
132 525 1
132 526 2
132 527 3
133 528 0
133 529 1
133 530 2
133 531 3
134 532 0
134 533 1
134 534 2
134 535 3
135 536 0
135 537 1
135 399 2
135 538 3
136 445 0
136 539 1
136 540 2
136 541 3
137 542 0
137 543 1
137 544 2
137 545 3
138 546 0
138 547 1
138 548 2
138 549 3
139 475 0
139 550 1
139 551 2
139 398 3
140 445 0
140 552 1
140 553 2
140 554 3
141 555 0
141 556 1
141 557 2
141 558 3
142 559 0
142 560 1
142 561 2
142 562 3
143 563 0
143 564 1
143 565 2
143 492 3
144 566 0
144 464 1
144 567 2
144 568 3
145 544 0
145 569 1
145 570 2
145 571 3
146 572 0
146 573 1
146 574 2
146 575 3
147 576 0
147 476 1
147 577 2
147 578 3
148 579 0
148 580 1
148 581 2
148 582 3
149 583 0
149 584 1
149 585 2
149 586 3
150 587 0
150 588 1
150 589 2
150 590 3
151 591 0
151 414 1
151 592 2
151 593 3
152 594 0
152 595 1
152 596 2
152 597 3
153 598 0
153 583 1
153 599 2
153 546 3
154 600 0
154 601 1
154 602 2
154 603 3
155 604 0
155 605 1
155 606 2
155 607 3
156 608 0
156 609 1
156 610 2
156 611 3
157 612 0
157 613 1
157 614 2
157 615 3
158 616 0
158 617 1
158 618 2
158 619 3
159 429 0
159 620 1
159 399 2
159 621 3
160 594 0
160 622 1
160 623 2
160 624 3
161 625 0
161 626 1
161 627 2
161 628 3
162 629 0
162 630 1
162 631 2
162 632 3
163 633 0
163 634 1
163 635 2
163 636 3
164 637 0
164 402 1
164 638 2
164 639 3
165 640 0
165 641 1
165 642 2
165 643 3
166 644 0
166 645 1
166 646 2
166 647 3
167 648 0
167 649 1
167 650 2
167 651 3
168 638 0
168 652 1
168 653 2
168 654 3
169 655 0
169 656 1
169 657 2
169 658 3
170 347 0
170 659 1
170 660 2
170 661 3
171 662 0
171 650 1
171 663 2
171 664 3
172 665 0
172 666 1
172 667 2
172 668 3
173 669 0
173 670 1
173 671 2
173 672 3
174 673 0
174 674 1
174 675 2
174 676 3
175 677 0
175 678 1
175 610 2
175 679 3
176 680 0
176 681 1
176 682 2
176 683 3
177 684 0
177 685 1
177 686 2
177 687 3
178 688 0
178 689 1
178 690 2
178 691 3
179 692 0
179 693 1
179 694 2
179 593 3
180 695 0
180 696 1
180 697 2
180 698 3
181 699 0
181 584 1
181 700 2
181 701 3
182 702 0
182 703 1
182 704 2
182 705 3
183 706 0
183 707 1
183 708 2
183 709 3
184 463 0
184 710 1
184 695 2
184 711 3
185 712 0
185 713 1
185 714 2
185 715 3
186 716 0
186 717 1
186 718 2
186 719 3
187 720 0
187 721 1
187 635 2
187 636 3
188 722 0
188 723 1
188 724 2
188 725 3
189 726 0
189 727 1
189 728 2
189 729 3
190 730 0
190 731 1
190 732 2
190 733 3
191 734 0
191 735 1
191 399 2
191 416 3
192 736 0
192 737 1
192 738 2
192 739 3
193 740 0
193 741 1
193 742 2
193 743 3
194 744 0
194 745 1
194 746 2
194 747 3
195 461 0
195 748 1
195 749 2
195 447 3
196 750 0
196 751 1
196 709 2
196 752 3
197 753 0
197 754 1
197 675 2
197 755 3
198 756 0
198 757 1
198 758 2
198 759 3
199 445 0
199 760 1
199 367 2
199 761 3
200 762 0
200 763 1
200 764 2
200 639 3
201 765 0
201 766 1
201 499 2
201 767 3
202 768 0
202 769 1
202 770 2
202 771 3
203 563 0
203 772 1
203 773 2
203 774 3
204 775 0
204 776 1
204 777 2
204 582 3
205 778 0
205 779 1
205 780 2
205 781 3
206 782 0
206 783 1
206 784 2
206 785 3
207 786 0
207 787 1
207 383 2
207 553 3
208 788 0
208 789 1
208 411 2
208 790 3
209 791 0
209 792 1
209 793 2
209 794 3
210 795 0
210 796 1
210 433 2
210 518 3
211 445 0
211 797 1
211 798 2
211 799 3
212 800 0
212 801 1
212 802 2
212 803 3
213 555 0
213 804 1
213 805 2
213 806 3
214 807 0
214 808 1
214 809 2
214 810 3
215 397 0
215 811 1
215 812 2
215 813 3
216 814 0
216 815 1
216 816 2
216 817 3
217 818 0
217 819 1
217 820 2
217 821 3
218 822 0
218 823 1
218 824 2
218 825 3
219 826 0
219 827 1
219 663 2
219 828 3
220 829 0
220 354 1
220 830 2
220 831 3
221 832 0
221 833 1
221 662 2
221 834 3
222 835 0
222 836 1
222 837 2
222 838 3
223 839 0
223 827 1
223 491 2
223 840 3
224 841 0
224 842 1
224 843 2
224 844 3
225 845 0
225 846 1
225 847 2
225 848 3
226 849 0
226 850 1
226 851 2
226 852 3
227 853 0
227 476 1
227 383 2
227 682 3
228 854 0
228 855 1
228 794 2
228 856 3
229 857 0
229 858 1
229 859 2
229 860 3
230 572 0
230 861 1
230 862 2
230 863 3
231 864 0
231 865 1
231 367 2
231 578 3
232 866 0
232 867 1
232 868 2
232 869 3
233 870 0
233 871 1
233 872 2
233 873 3
234 874 0
234 875 1
234 583 2
234 876 3
235 877 0
235 366 1
235 878 2
235 879 3
236 880 0
236 881 1
236 882 2
236 464 3
237 883 0
237 884 1
237 343 2
237 885 3
238 886 0
238 887 1
238 888 2
238 889 3
239 890 0
239 891 1
239 892 2
239 490 3
240 893 0
240 894 1
240 895 2
240 896 3
241 897 0
241 898 1
241 899 2
241 900 3
242 901 0
242 861 1
242 688 2
242 902 3
243 365 0
243 903 1
243 904 2
243 905 3
244 906 0
244 907 1
244 908 2
244 909 3
245 910 0
245 911 1
245 912 2
245 913 3
246 914 0
246 915 1
246 916 2
246 917 3
247 918 0
247 550 1
247 919 2
247 920 3
248 921 0
248 737 1
248 922 2
248 923 3
249 918 0
249 924 1
249 925 2
249 926 3
250 927 0
250 928 1
250 929 2
250 930 3
251 662 0
251 931 1
251 802 2
251 932 3
252 933 0
252 934 1
252 935 2
252 936 3
253 937 0
253 938 1
253 570 2
253 939 3
254 940 0
254 941 1
254 942 2
254 561 3
255 853 0
255 797 1
255 943 2
255 944 3
256 945 0
256 946 1
256 697 2
256 947 3
257 948 0
257 938 1
257 742 2
257 851 3
258 940 0
258 622 1
258 949 2
258 950 3
259 351 0
259 350 1
259 951 2
259 952 3
260 953 0
260 954 1
260 777 2
260 955 3
261 956 0
261 940 1
261 686 2
261 957 3
262 958 0
262 959 1
262 960 2
262 961 3
263 962 0
263 963 1
263 964 2
263 802 3
264 965 0
264 966 1
264 854 2
264 622 3
265 967 0
265 968 1
265 969 2
265 860 3
266 970 0
266 971 1
266 972 2
266 973 3
267 853 0
267 638 1
267 974 2
267 975 3
268 976 0
268 977 1
268 978 2
268 979 3
269 980 0
269 398 1
269 614 2
269 981 3
270 982 0
270 983 1
270 984 2
270 985 3
271 986 0
271 987 1
271 878 2
271 988 3
272 989 0
272 990 1
272 991 2
272 992 3
273 993 0
273 968 1
273 357 2
273 994 3
274 995 0
274 996 1
274 997 2
274 998 3
275 890 0
275 999 1
275 1000 2
275 898 3
276 384 0
276 855 1
276 1001 2
276 1002 3
277 1003 0
277 1004 1
277 1005 2
277 1006 3
278 1007 0
278 1008 1
278 1009 2
278 1010 3
279 489 0
279 1011 1
279 1012 2
279 682 3
280 1013 0
280 896 1
280 1014 2
280 1015 3
281 980 0
281 519 1
281 1016 2
281 1017 3
282 1018 0
282 1019 1
282 690 2
282 1020 3
283 429 0
283 1021 1
283 974 2
283 1022 3
284 1023 0
284 1024 1
284 1025 2
284 420 3
285 779 0
285 1026 1
285 972 2
285 1027 3
286 1028 0
286 1029 1
286 1030 2
286 1031 3
287 1032 0
287 1033 1
287 399 2
287 650 3
288 1034 0
288 1035 1
288 1036 2
288 1037 3
289 1038 0
289 1039 1
289 1040 2
289 1041 3
290 1042 0
290 1043 1
290 1044 2
290 1045 3
291 445 0
291 1046 1
291 1047 2
291 898 3
292 882 0
292 1048 1
292 1049 2
292 597 3
293 1050 0
293 1051 1
293 1052 2
293 1053 3
294 1054 0
294 1055 1
294 1056 2
294 998 3
295 576 0
295 898 1
295 1012 2
295 840 3
296 1057 0
296 1058 1
296 1059 2
296 356 3
297 1060 0
297 1061 1
297 1062 2
297 1063 3
298 1064 0
298 1065 1
298 1066 2
298 1067 3
299 1068 0
299 445 1
299 798 2
299 1069 3
300 1070 0
300 1071 1
300 1072 2
300 1073 3
301 1074 0
301 1075 1
301 1076 2
301 376 3
302 940 0
302 1077 1
302 770 2
302 1078 3
303 696 0
303 1079 1
303 1080 2
303 1081 3
304 1082 0
304 710 1
304 1083 2
304 1084 3
305 804 0
305 1085 1
305 1086 2
305 1087 3
306 804 0
306 1088 1
306 1089 2
306 1090 3
307 1091 0
307 787 1
307 1092 2
307 802 3
308 433 0
308 1093 1
308 1094 2
308 1095 3
309 804 0
309 1096 1
309 1097 2
309 1098 3
310 1099 0
310 1100 1
310 520 2
310 783 3
311 1101 0
311 445 1
311 1102 2
311 1103 3
312 788 0
312 1104 1
312 1105 2
312 1106 3
313 398 0
313 1107 1
313 1108 2
313 1109 3
314 982 0
314 1110 1
314 1111 2
314 1112 3
315 1113 0
315 1114 1
315 577 2
315 1022 3
316 1115 0
316 1116 1
316 935 2
316 1117 3
317 505 0
317 1118 1
317 1119 2
317 1120 3
318 1121 0
318 1122 1
318 1123 2
318 590 3
319 1124 0
319 1125 1
319 1126 2
319 1127 3
320 1128 0
320 1129 1
320 1130 2
320 1131 3
321 662 0
321 1132 1
321 1133 2
321 1134 3
322 958 0
322 1135 1
322 1136 2
322 1137 3
323 1138 0
323 1139 1
323 1080 2
323 1114 3
324 1140 0
324 1141 1
324 882 2
324 1142 3
325 1143 0
325 833 1
325 1144 2
325 1145 3
326 1146 0
326 1147 1
326 1148 2
326 1149 3
327 1150 0
327 1151 1
327 1152 2
327 636 3
328 638 0
328 1153 1
328 1154 2
328 1155 3
329 1156 0
329 1157 1
329 1158 2
329 1159 3
330 1160 0
330 1161 1
330 851 2
330 1162 3
331 1163 0
331 1164 1
331 1165 2
331 1166 3
332 1167 0
332 1168 1
332 882 2
332 1169 3
333 1170 0
333 1085 1
333 405 2
333 1171 3
334 695 0
334 1172 1
334 1173 2
334 1174 3
335 351 0
335 366 1
335 1175 2
335 610 3
336 1176 0
336 1177 1
336 1178 2
336 1179 3
337 1180 0
337 1132 1
337 1181 2
337 1182 3
338 1170 0
338 1183 1
338 847 2
338 930 3
339 1184 0
339 1185 1
339 1186 2
339 1126 3
340 417 0
340 1187 1
340 1188 2
340 1189 3
341 446 0
341 804 1
341 446 2
341 958 3
342 804 0
342 914 1
342 1190 2
342 433 3
343 446 0
343 433 1
343 1190 2
343 695 3
344 1191 0
344 958 1
344 1191 2
344 1192 3
345 446 1
345 1190 2
345 1193 3
346 804 0
346 958 1
346 695 2
346 1193 3
347 804 0
347 958 1
347 1190 3
348 958 0
348 804 1
348 433 2
348 446 3
349 446 0
349 695 1
349 804 2
349 804 3
350 914 0
350 446 1
350 446 2
350 804 3
351 446 0
351 695 1
351 446 2
351 433 3
352 1190 0
352 446 1
352 1191 2
352 446 3
353 1194 0
353 446 1
353 1191 3
354 958 0
354 1192 1
354 695 2
354 914 3
355 1190 0
355 1193 1
355 446 2
355 1191 3
356 695 0
356 1193 1
356 695 2
356 914 3
357 446 0
357 804 1
357 1190 2
357 433 3
358 1195 0
358 1194 1
358 1191 2
358 433 3
359 804 0
359 958 1
359 1190 2
359 433 3
360 1191 0
360 958 1
360 1196 3
361 958 0
361 914 1
361 433 2
361 446 3
362 804 0
362 1196 2
362 1193 3
363 958 0
363 914 1
363 804 2
363 446 3
364 1194 0
364 804 1
365 446 0
365 695 1
365 804 2
365 1194 3
366 1192 0
366 446 1
366 914 2
366 958 3
367 1192 0
367 1196 1
367 446 2
367 695 3
368 1192 0
368 433 1
368 914 2
368 446 3
369 1190 0
369 446 1
369 1197 2
369 958 3
370 958 0
370 1192 1
370 446 2
370 914 3
371 1192 1
371 433 2
371 914 3
372 446 0
372 1190 1
372 958 2
372 914 3
373 446 0
373 958 1
373 1190 2
373 1190 3
374 1195 0
374 695 1
374 1190 2
374 433 3
375 804 0
375 1194 1
375 1190 2
375 433 3
376 804 0
376 958 1
376 1191 2
376 1192 3
377 1195 1
377 433 2
377 1192 3
378 1194 0
378 1196 1
378 1190 2
378 1190 3
379 446 0
379 914 1
379 446 3
380 804 0
380 1195 1
380 446 2
380 446 3
381 446 0
381 958 1
381 446 2
381 804 3
382 914 0
382 446 1
382 914 2
382 804 3
383 446 0
383 1196 1
383 446 2
383 695 3
384 1190 0
384 1192 1
384 1191 2
384 446 3
385 446 0
385 1192 1
385 804 2
385 914 3
386 433 0
386 446 1
386 958 2
386 1195 3
387 1190 0
387 1190 1
387 804 2
387 1192 3
388 1190 0
388 1191 1
388 433 2
388 1191 3
389 804 0
389 804 1
389 433 2
389 446 3
390 1194 0
390 958 1
390 1192 2
390 1192 3
391 958 0
391 695 1
391 433 2
391 446 3
392 446 0
392 914 1
392 1191 2
392 695 3
393 804 0
393 1191 1
393 1190 3
394 958 0
394 446 1
394 446 2
394 1191 3
395 804 0
395 1195 1
395 1190 2
395 1193 3
396 433 0
396 1191 1
396 1198 2
397 446 0
397 695 1
397 804 2
397 958 3
398 1191 0
398 446 1
398 446 2
398 446 3
399 1190 0
399 1196 1
399 446 2
399 446 3
400 1192 0
400 1190 1
400 446 2
400 446 3
401 446 1
401 914 2
401 1195 3
402 446 0
402 1191 1
402 1194 2
402 1195 3
403 446 0
403 446 1
403 914 3
404 1196 0
404 1190 1
404 958 2
404 1191 3
405 914 0
405 804 1
405 446 2
405 695 3
406 804 0
406 958 1
406 1193 2
406 446 3
407 446 0
407 958 1
407 1192 2
408 1195 0
408 446 1
408 1193 2
408 1196 3
409 804 0
409 958 1
409 914 3
410 804 0
410 804 1
410 1196 2
410 1190 3
411 446 1
411 804 2
411 446 3
412 1194 0
412 914 1
412 446 3
413 446 0
413 433 1
413 446 2
413 433 3
414 446 0
414 446 1
414 1198 2
414 446 3
415 446 0
415 695 1
415 446 2
415 958 3
416 1193 0
416 1190 1
416 1192 2
416 446 3
417 1190 0
417 446 1
417 804 2
417 958 3
418 958 0
418 1192 1
418 433 2
418 446 3
419 1190 0
419 1193 1
419 446 3
420 1196 0
420 1190 1
420 446 2
420 1191 3
421 914 0
421 695 1
421 433 2
421 958 3
422 446 0
422 446 1
422 914 2
422 1190 3
423 958 0
423 446 1
423 1192 2
424 1192 0
424 914 1
424 1190 2
424 1190 3
425 958 0
425 446 1
425 446 2
425 1190 3
426 695 0
426 914 1
426 1190 2
426 1193 3
427 446 0
427 914 1
427 1195 2
427 446 3
428 804 0
428 804 1
428 695 2
429 446 0
429 695 1
429 958 2
429 1194 3
430 1191 0
430 446 1
430 1195 2
430 446 3
431 433 0
431 695 1
431 446 2
431 433 3
432 1197 0
432 1190 1
432 1191 2
432 958 3
433 446 0
433 446 1
433 446 3
434 446 0
434 446 1
434 1194 2
434 1195 3
435 1192 0
435 1190 1
435 914 3
436 695 0
436 914 1
436 958 2
436 1191 3
437 446 0
437 446 1
437 1190 2
437 695 3
438 804 0
438 446 1
438 1191 2
438 1190 3
439 804 0
439 446 1
439 433 2
439 1191 3
440 446 0
440 804 1
440 1193 2
440 433 3
441 446 0
441 914 1
441 433 2
441 446 3
442 446 0
442 1191 1
442 1190 2
442 1190 3
443 1196 0
443 446 1
443 1190 2
443 1193 3
444 804 0
444 1195 1
444 1196 2
444 1190 3
445 446 0
445 446 1
445 804 2
445 804 3
447 433 0
447 446 1
447 446 2
447 446 3
448 1192 0
448 433 1
448 1191 2
448 958 3
449 1190 0
449 446 1
449 958 3
450 695 0
450 1191 1
450 446 2
450 804 3
451 1192 0
451 433 1
451 446 3
452 1190 0
452 1190 1
452 958 2
452 914 3
453 695 0
453 958 1
453 1190 2
453 433 3
454 1191 0
454 1194 1
454 1197 2
454 1190 3
455 804 0
455 958 1
455 433 2
455 1190 3
456 958 0
456 914 1
456 1190 2
456 433 3
457 804 0
457 1195 1
457 433 2
457 1190 3
458 1194 0
458 914 1
458 695 2
458 1192 3
459 914 1
459 1193 3
460 446 0
460 1191 1
460 1196 2
460 1190 3
461 446 0
461 695 1
461 446 2
461 804 3
462 1192 0
462 1190 1
462 1192 2
462 446 3
463 446 0
463 446 1
463 1193 2
463 804 3
464 446 0
464 1191 1
464 433 2
464 1191 3
465 1190 1
465 804 2
465 446 3
466 446 0
466 1193 1
466 433 2
466 1192 3
467 804 0
467 1194 1
467 1192 2
467 1190 3
468 1195 1
468 1192 2
468 1190 3
469 804 0
469 1194 1
469 1190 2
469 695 3
470 446 0
470 804 1
470 1193 2
470 1192 3
471 958 1
471 446 2
471 1192 3
472 804 0
472 433 2
472 1191 3
473 446 0
473 446 1
473 1190 2
473 1191 3
474 695 0
474 1191 1
474 958 2
474 446 3
475 446 0
475 446 1
475 446 2
475 804 3
476 1191 0
476 446 1
476 1191 2
476 804 3
477 446 0
477 1190 1
477 446 2
477 446 3
478 1191 0
478 433 1
478 1191 2
478 958 3
479 446 0
479 446 1
479 1192 3
480 695 0
480 446 1
480 1194 2
480 1192 3
481 1190 0
481 446 1
481 446 2
481 1192 3
482 446 0
482 1191 1
482 433 2
482 1192 3
483 804 0
483 914 1
483 1190 2
483 1190 3
484 1191 0
484 1195 1
484 1193 2
484 1190 3
485 804 0
485 1194 1
485 1190 2
485 1190 3
486 804 0
486 804 1
486 1193 2
486 1196 3
487 914 0
487 958 1
487 1194 2
487 1192 3
488 958 0
488 914 1
488 1195 2
488 1197 3
489 446 0
489 446 1
489 804 2
489 1194 3
490 446 0
490 446 1
490 1192 2
490 446 3
491 1190 0
491 1196 1
491 446 2
491 695 3
492 1191 0
492 433 1
492 1191 2
492 446 3
493 695 0
493 446 1
493 914 2
493 804 3
494 446 0
494 1191 1
494 804 2
494 1195 3
495 1196 0
495 446 1
495 804 2
495 446 3
496 446 0
496 446 1
496 446 2
496 1191 3
497 446 0
497 914 1
497 446 2
497 433 3
498 1194 0
498 446 1
498 446 2
498 1192 3
499 446 0
499 958 1
499 1190 2
499 433 3
500 1191 0
500 914 1
500 446 2
500 446 3
501 1195 0
501 446 2
501 433 3
502 1194 0
502 1191 1
502 695 2
502 1191 3
503 1194 0
503 958 1
503 1190 2
503 1193 3
504 446 0
504 1191 1
504 958 2
504 1191 3
505 446 0
505 446 1
505 446 2
505 433 3
506 446 0
506 446 1
506 1195 2
506 804 3
507 1190 0
507 1190 1
507 446 2
507 695 3
508 1193 0
508 433 1
508 1191 2
508 446 3
509 433 0
509 1192 1
509 1191 3
510 695 0
510 446 1
510 1194 2
510 1195 3
511 1195 0
511 1193 1
511 1190 2
511 914 3
512 1196 0
512 1192 1
512 958 2
512 1191 3
513 446 0
513 1193 1
513 433 2
513 1196 3
514 1191 0
514 1195 1
514 1197 2
514 1192 3
515 958 0
515 1194 1
515 446 2
515 1196 3
516 1195 0
516 914 1
516 1193 2
516 446 3
517 446 0
517 1191 1
517 1194 2
517 446 3
518 695 0
518 1191 1
518 1196 2
518 1190 3
519 804 0
519 446 1
519 1192 2
519 1190 3
520 804 0
520 804 1
520 1190 2
520 1190 3
521 1191 0
521 446 1
521 804 2
521 958 3
522 1190 0
522 958 1
522 446 2
522 433 3
523 1191 0
523 433 1
523 1192 2
523 446 3
524 446 1
524 804 2
524 914 3
525 695 0
525 1191 1
525 914 2
525 1195 3
526 433 0
526 446 1
526 958 2
526 1191 3
527 433 0
527 1192 1
527 695 2
527 1191 3
528 914 0
528 433 2
528 1190 3
529 1195 0
529 1194 1
529 1193 2
529 1190 3
530 958 0
530 804 1
530 1190 2
530 433 3
531 804 0
531 804 1
531 914 2
531 446 3
532 695 0
532 446 1
532 1192 2
532 446 3
533 446 0
533 804 1
533 1198 2
533 1192 3
534 914 0
534 446 1
534 1190 2
534 1197 3
535 1194 0
535 446 1
535 1198 2
535 1193 3
536 446 0
536 446 1
536 914 2
536 695 3
537 446 0
537 446 1
537 914 2
537 958 3
538 1191 0
538 1190 1
538 446 2
538 446 3
539 446 0
539 1191 1
539 804 2
539 804 3
540 1196 0
540 433 1
540 1190 2
540 914 3
541 433 0
541 1190 1
541 695 2
541 914 3
542 446 0
542 1192 2
542 695 3
543 1194 0
543 446 1
543 433 2
543 433 3
544 914 0
544 958 1
544 446 2
544 433 3
545 1195 0
545 804 1
545 1193 2
545 446 3
546 1195 0
546 446 1
546 1190 2
546 446 3
547 1191 0
547 1191 1
547 433 2
547 433 3
548 1194 0
548 446 1
548 1190 2
548 446 3
549 958 0
549 1195 1
549 1190 2
549 1193 3
550 446 0
550 446 1
550 1195 2
550 446 3
551 1190 0
551 446 1
551 446 2
551 433 3
552 446 0
552 446 1
552 695 2
552 804 3
553 433 0
553 1190 1
553 446 2
553 446 3
554 1196 0
554 446 1
554 433 2
554 1191 3
555 446 0
555 446 2
555 1196 3
556 914 0
556 958 1
556 446 2
556 1192 3
557 446 0
557 1197 1
557 433 2
557 695 3
558 446 0
558 914 1
558 914 2
558 446 3
559 1194 0
559 446 1
559 446 2
559 446 3
560 1195 0
560 1195 1
560 1190 2
560 914 3
561 1194 0
561 1192 1
561 1190 2
561 1193 3
562 1194 0
562 446 1
562 695 2
562 1192 3
563 446 0
563 695 1
563 446 2
563 914 3
564 1191 0
564 446 1
564 914 2
564 958 3
565 433 0
565 433 1
565 446 2
565 958 3
566 446 1
566 1195 3
567 1192 0
567 1190 1
567 1190 2
567 914 3
568 433 0
568 1191 1
568 958 2
568 1191 3
569 446 1
569 1193 2
569 1190 3
570 446 0
570 433 1
570 1190 2
570 1196 3
571 958 0
571 804 1
571 1193 2
571 446 3
572 695 0
572 446 1
572 1192 3
573 446 0
573 1195 1
573 433 2
573 446 3
574 446 1
574 1195 2
574 446 3
575 446 0
575 1191 1
575 446 2
575 1190 3
576 446 0
576 695 1
576 804 2
576 695 3
577 433 0
577 1190 1
577 446 2
577 695 3
578 1193 0
578 446 1
578 914 2
578 446 3
579 446 1
579 804 2
579 1195 3
580 695 0
580 1191 1
580 695 2
580 1195 3
581 1194 0
581 1190 1
581 1190 2
581 914 3
582 1190 0
582 1193 1
582 695 2
582 914 3
583 446 0
583 804 1
583 1190 2
583 446 3
584 1195 0
584 1194 1
584 1193 2
584 446 3
585 804 0
585 695 1
585 695 2
586 1195 0
586 446 1
586 1197 2
586 446 3
587 914 1
587 433 2
587 1190 3
588 804 0
588 914 1
588 1196 2
588 433 3
589 914 1
589 804 2
589 1192 3
590 1194 0
590 1195 1
590 695 2
590 1192 3
591 446 0
591 433 1
591 914 2
591 1194 3
592 1190 0
592 958 1
592 446 2
592 695 3
593 1191 0
593 1190 1
593 914 2
593 958 3
594 446 0
594 446 1
594 804 3
595 958 0
595 914 1
595 695 2
595 804 3
596 1190 1
596 1190 2
596 446 3
597 695 0
597 1190 1
597 695 2
597 1191 3
598 958 0
598 695 1
598 1192 2
598 446 3
599 914 0
599 446 1
599 1192 2
599 1196 3
600 1196 0
600 804 1
600 1192 3
601 958 0
601 914 1
601 433 2
601 433 3
602 914 0
602 914 1
602 446 2
603 446 0
603 1195 1
603 1196 2
603 1192 3
604 446 0
604 446 1
604 804 2
604 914 3
605 1191 0
605 446 1
605 1198 2
605 914 3
606 433 0
606 433 1
606 446 2
606 433 3
607 1191 0
607 1190 1
607 1192 2
607 446 3
608 1190 0
608 1192 1
608 804 2
608 804 3
609 433 0
609 1192 1
609 695 2
609 804 3
610 433 0
610 1192 1
610 446 2
610 446 3
611 1196 0
611 433 1
611 433 2
611 914 3
612 958 0
612 958 1
612 446 2
612 958 3
613 1192 0
613 1194 1
613 914 2
613 1190 3
614 446 0
614 695 1
614 1192 2
614 1190 3
615 446 0
615 804 1
615 1192 2
615 1190 3
616 446 1
616 1192 3
617 958 0
617 1191 1
617 1196 2
617 1191 3
618 804 0
618 446 1
618 1193 3
619 804 0
619 914 1
619 695 2
619 433 3
620 446 0
620 446 1
620 1198 2
620 804 3
621 1191 0
621 1190 1
621 914 2
621 446 3
622 695 0
622 1191 1
622 695 2
622 446 3
623 1190 0
623 1190 1
623 446 3
624 1196 0
624 1191 1
624 433 2
624 446 3
625 804 0
625 958 1
625 433 2
625 1196 3
626 914 0
626 914 1
626 1190 2
626 1190 3
627 958 0
627 1194 1
627 1192 2
627 433 3
628 804 0
628 804 1
628 1191 2
628 1192 3
629 1196 0
629 1195 1
629 1194 2
629 1190 3
630 1195 0
630 914 1
630 1196 2
630 1192 3
631 1196 0
631 804 1
631 1190 2
631 1196 3
632 1194 0
632 1191 1
632 433 2
632 1191 3
633 446 0
633 695 1
633 914 2
633 804 3
634 1192 0
634 446 1
634 1195 2
634 958 3
635 1192 0
635 1196 1
635 446 2
635 433 3
636 1193 0
636 446 1
636 1191 2
636 446 3
637 446 0
637 446 1
637 1190 2
637 804 3
638 446 0
638 446 1
638 804 2
638 446 3
639 695 0
639 1191 1
639 958 2
639 914 3
640 804 0
640 804 1
640 1192 2
640 695 3
641 804 0
641 958 1
641 1192 2
641 1192 3
642 914 0
642 695 1
642 1195 3
643 914 0
643 914 1
643 1193 2
643 695 3
644 446 1
644 1190 2
644 446 3
645 433 0
645 804 1
645 433 2
645 1192 3
646 446 1
646 804 2
646 433 3
647 958 0
647 914 1
647 1190 2
647 1196 3
648 446 0
648 433 1
648 804 2
648 804 3
649 914 0
649 446 1
649 1195 2
649 1197 3
650 1192 0
650 446 1
650 446 2
650 446 3
651 914 0
651 433 1
651 1191 2
651 958 3
652 695 0
652 914 1
652 446 2
652 914 3
653 446 0
653 1190 1
653 446 3
654 1190 0
654 1193 1
654 446 2
654 1192 3
655 804 0
655 1192 2
655 1190 3
656 1195 0
656 914 1
656 1193 2
656 433 3
657 914 0
657 1194 1
657 1192 2
657 433 3
658 1195 0
658 958 1
658 446 2
658 433 3
659 695 0
659 1192 1
659 1190 2
659 1193 3
660 804 1
660 446 2
660 446 3
661 804 0
661 1195 1
661 1190 2
661 914 3
662 446 0
662 695 1
662 446 2
662 695 3
663 1190 0
663 1196 1
663 446 2
663 958 3
664 446 0
664 446 1
664 1191 2
664 446 3
665 1190 0
665 446 1
665 1192 2
665 446 3
666 446 0
666 446 1
666 695 2
666 914 3
667 1191 0
667 1190 1
667 804 2
667 914 3
668 695 0
668 446 1
668 695 2
668 446 3
669 958 0
669 695 1
669 446 2
669 695 3
670 1191 0
670 1197 1
670 1191 2
670 446 3
671 446 0
671 695 1
671 1192 2
671 1196 3
672 446 0
672 446 1
672 1190 2
672 1192 3
673 804 0
673 695 1
673 1190 2
673 1192 3
674 433 0
674 1191 1
674 433 2
674 1191 3
675 914 0
675 914 1
675 1190 2
675 1196 3
676 958 0
676 1191 1
676 695 2
676 1196 3
677 446 0
677 958 1
677 446 2
677 958 3
678 446 0
678 446 1
678 804 2
678 958 3
679 1190 0
679 1192 1
679 914 2
679 958 3
680 446 1
680 804 3
681 958 0
681 446 1
681 695 2
681 1191 3
682 1190 0
682 1192 1
682 446 2
682 446 3
683 958 0
683 1193 1
683 433 2
683 1191 3
684 446 0
684 446 1
684 1190 2
684 1196 3
685 1195 0
685 1194 1
685 1193 2
685 1198 3
686 914 0
686 804 1
686 1190 2
686 433 3
687 1195 0
687 1194 1
687 1193 2
687 695 3
688 446 1
688 1190 3
689 695 0
689 446 1
689 433 2
689 1197 3
690 804 1
690 1190 3
691 695 0
691 1195 1
691 1190 2
691 1197 3
692 446 0
692 958 1
692 804 2
692 433 3
693 446 0
693 446 1
693 1195 2
693 433 3
694 1190 0
694 695 1
694 446 2
694 433 3
695 446 1
695 446 3
696 446 0
696 446 1
696 446 2
696 958 3
697 1192 1
697 446 2
697 446 3
698 1190 0
698 433 1
698 958 2
698 1191 3
699 695 0
699 1194 1
699 446 2
699 1198 3
700 446 0
700 804 1
700 433 2
700 958 3
701 1195 0
701 446 1
701 446 2
701 1192 3
702 804 1
702 1195 2
702 1190 3
703 1194 0
703 1192 1
703 1190 2
703 1197 3
704 914 0
704 804 1
704 1190 2
704 446 3
705 1194 0
705 958 1
705 1192 2
706 446 0
706 695 1
706 446 2
706 1197 3
707 1191 0
707 446 1
707 804 2
707 446 3
708 446 0
708 1196 1
708 446 2
708 433 3
709 446 0
709 1192 1
709 914 2
709 446 3
710 695 0
710 1191 1
710 804 2
710 1195 3
711 695 0
711 446 1
711 433 2
711 914 3
712 1194 1
712 1192 2
712 1190 3
713 958 0
713 446 1
713 1197 2
713 1190 3
714 914 0
714 804 1
714 433 2
714 695 3
715 958 0
715 804 1
715 1192 2
715 433 3
716 1191 0
716 446 1
716 804 2
716 1190 3
717 446 0
717 1191 1
717 958 2
717 1190 3
718 958 0
718 804 1
718 446 2
718 433 3
719 446 0
719 958 1
719 1198 2
719 1192 3
720 446 0
720 446 1
720 958 2
720 958 3
721 446 0
721 446 1
721 1191 2
721 914 3
722 1193 0
722 446 1
722 804 3
723 695 0
723 1191 1
723 958 2
723 1191 3
724 446 0
724 1192 1
724 446 3
725 1196 0
725 433 1
725 958 2
725 1192 3
726 695 0
726 695 1
726 1190 2
726 1190 3
727 1191 0
727 695 1
727 1197 2
727 1190 3
728 804 0
728 1194 1
728 446 2
728 1190 3
729 1195 0
729 804 1
729 1190 2
729 1190 3
730 1195 0
730 804 1
730 1190 2
730 446 3
731 446 0
731 1192 1
731 446 2
731 1191 3
732 804 0
732 914 1
732 446 2
732 1191 3
733 695 0
733 1191 1
733 1196 2
733 914 3
734 446 0
734 446 1
734 914 2
734 804 3
735 1192 0
735 446 1
735 804 2
735 804 3
736 1195 0
736 446 1
736 914 2
736 914 3
737 958 0
737 1191 1
737 804 2
737 1195 3
738 1190 0
738 1190 1
738 1193 2
738 446 3
739 1196 0
739 1193 1
739 433 2
739 446 3
740 1191 0
740 446 1
740 1190 2
740 1190 3
741 1191 0
741 446 1
741 1193 2
741 433 3
742 804 0
742 1194 1
742 446 2
742 433 3
743 1195 0
743 958 1
743 1192 2
743 1192 3
744 958 1
744 804 2
744 433 3
745 1191 0
745 1191 1
745 1192 2
745 1190 3
746 446 0
746 804 1
746 433 3
747 1194 0
747 1195 1
747 446 2
747 1197 3
748 446 0
748 446 1
748 1198 2
748 1194 3
749 446 0
749 1190 1
749 446 2
749 958 3
750 446 1
750 958 2
750 804 3
751 446 0
751 1191 1
751 446 2
751 1198 3
752 1196 0
752 1191 1
752 958 2
752 914 3
753 958 0
753 695 1
753 1192 2
753 1198 3
754 446 0
754 695 1
754 1192 2
754 433 3
755 446 0
755 446 1
755 914 2
755 1192 3
756 914 0
756 1194 1
756 1190 2
756 433 3
757 1195 0
757 804 1
757 1192 2
757 1190 3
758 914 0
758 958 1
758 433 2
758 446 3
759 914 0
759 1195 1
759 1196 2
759 1193 3
760 446 0
760 446 1
760 1198 2
760 695 3
761 1193 0
761 433 1
761 1192 2
761 446 3
762 446 0
762 1192 1
762 804 3
763 695 0
763 446 1
763 695 2
763 804 3
764 1190 1
764 914 3
765 1195 0
765 1194 1
765 446 2
765 695 3
766 804 0
766 446 1
766 1192 2
766 1192 3
767 1195 0
767 1194 1
767 914 2
767 1198 3
768 446 0
768 446 1
768 1190 3
769 446 0
769 914 1
769 695 2
769 1193 3
770 804 1
770 446 3
771 695 0
771 1195 1
771 1190 2
771 1193 3
772 446 0
772 446 1
772 914 2
772 914 3
773 446 0
773 1192 1
773 446 2
773 958 3
774 1190 0
774 433 1
774 1192 2
774 446 3
775 1195 0
775 446 1
775 1190 2
775 804 3
776 695 0
776 446 1
776 433 2
776 1191 3
777 1192 1
777 804 2
777 446 3
778 1195 0
778 695 1
778 446 2
778 695 3
779 1191 0
779 695 1
779 1192 2
779 446 3
780 958 0
780 958 1
780 1192 2
780 446 3
781 1191 0
781 914 1
781 1192 2
781 1192 3
782 1195 0
782 958 1
782 446 3
783 1194 0
783 1191 1
783 1192 2
783 1193 3
784 446 0
784 446 1
784 1194 2
784 1190 3
785 1194 0
785 1195 1
785 433 2
786 446 0
786 695 1
786 914 2
786 1194 3
787 1192 0
787 446 1
787 1195 2
787 1194 3
788 446 0
788 446 1
788 958 2
788 804 3
789 446 0
789 446 1
789 1194 2
789 958 3
790 1190 0
790 446 1
790 446 2
790 446 3
791 446 0
791 433 2
791 1196 3
792 1194 1
792 1191 2
792 958 3
793 804 0
793 1197 1
793 1190 2
793 1198 3
794 446 0
794 446 1
794 1190 2
794 446 3
795 446 0
795 958 1
795 446 3
796 446 0
796 958 1
796 433 2
796 1191 3
797 1192 0
797 446 1
797 804 2
797 914 3
798 446 0
798 1192 1
798 446 2
798 446 3
799 1190 0
799 1190 1
799 1192 2
799 433 3
800 1191 0
800 446 1
800 446 3
801 433 0
801 1191 1
801 958 2
801 1195 3
802 1190 0
802 433 1
802 446 2
802 446 3
803 446 0
803 433 1
803 446 2
803 446 3
804 446 2
804 446 3
805 804 0
805 804 1
805 446 2
805 433 3
806 914 0
806 446 1
806 1190 2
806 1192 3
807 958 1
807 1198 2
807 1192 3
808 446 0
808 1192 1
808 446 2
808 1197 3
809 804 0
809 804 1
809 958 2
809 433 3
810 958 0
810 1195 1
810 1190 2
810 1197 3
811 1192 0
811 446 1
811 1191 2
811 914 3
812 1190 0
812 695 1
812 446 2
812 958 3
813 1193 0
813 1192 1
813 446 2
813 446 3
814 433 0
814 914 1
814 804 2
814 1198 3
815 958 0
815 446 1
815 1197 2
815 958 3
816 433 1
816 446 2
816 1192 3
817 446 0
817 433 1
817 433 2
817 1192 3
818 958 0
818 958 1
818 446 2
818 1190 3
819 1191 0
819 1197 2
819 446 3
820 446 0
820 1197 1
820 446 2
820 695 3
821 804 0
821 958 1
821 1190 2
821 1190 3
822 958 1
822 1196 2
822 1192 3
823 914 0
823 695 2
823 1191 3
824 1194 0
824 958 1
824 1190 3
825 446 0
825 1191 1
825 1190 2
825 1193 3
826 446 0
826 958 1
826 804 2
826 804 3
827 914 0
827 446 1
827 1192 2
827 446 3
828 1193 0
828 1190 1
828 1191 2
828 446 3
829 914 1
829 1192 3
830 1192 0
830 433 1
830 446 2
830 1192 3
831 1196 0
831 1190 1
831 695 2
831 446 3
832 804 0
832 695 1
832 446 2
832 695 3
833 914 0
833 446 1
833 1191 2
833 446 3
834 446 0
834 958 1
834 1192 2
834 1190 3
835 446 0
835 1191 1
835 1190 2
835 446 3
836 446 0
836 1192 2
836 1190 3
837 804 0
837 1198 1
837 446 2
837 1191 3
838 1194 0
838 1195 1
838 1196 2
838 914 3
839 446 0
839 958 1
839 446 2
839 1194 3
840 1193 0
840 1190 1
840 1191 2
840 958 3
841 446 0
841 914 1
841 446 2
841 1195 3
842 958 0
842 1192 1
842 695 2
842 1191 3
843 1190 0
843 1192 1
843 446 2
843 914 3
844 1190 0
844 1192 1
844 695 2
844 914 3
845 446 0
845 958 1
845 1192 2
845 446 3
846 1191 0
846 914 2
846 446 3
847 804 0
847 804 1
847 1190 2
847 433 3
848 804 0
848 958 1
848 1192 2
848 1190 3
849 804 0
849 804 1
849 1192 2
849 1192 3
850 1190 1
850 433 2
850 1191 3
851 804 0
851 958 1
851 1190 2
851 446 3
852 958 0
852 1191 1
852 1192 2
852 1193 3
853 446 0
853 446 1
853 804 2
853 695 3
854 446 1
854 804 2
854 1191 3
855 433 0
855 914 1
855 1194 2
855 804 3
856 695 0
856 1192 1
856 446 2
856 1191 3
857 446 0
857 958 1
857 433 2
857 1190 3
858 914 0
858 958 1
858 1192 2
858 433 3
859 958 0
859 1197 1
859 433 2
859 1198 3
860 1191 0
860 804 1
860 1193 2
860 1196 3
861 695 0
861 1195 1
861 695 2
861 1192 3
862 446 0
862 914 1
862 1190 2
862 433 3
863 1197 0
863 1192 1
863 1196 2
863 1193 3
864 446 0
864 446 1
864 446 2
864 1194 3
865 914 0
865 446 1
865 1195 2
865 804 3
866 433 0
866 446 1
866 914 2
866 804 3
867 446 0
867 1192 1
867 804 2
867 1195 3
868 804 0
868 914 1
868 1190 2
868 446 3
869 958 0
869 1190 1
869 433 2
869 446 3
870 1194 0
870 695 1
870 446 2
870 695 3
871 446 0
871 446 1
871 433 2
871 446 3
872 446 0
872 446 1
872 433 2
872 433 3
873 958 0
873 446 1
873 1190 2
873 1190 3
874 1195 1
874 446 3
875 914 1
875 1196 2
875 446 3
876 1194 0
876 1191 1
876 1196 2
876 914 3
877 446 0
877 433 1
877 446 2
877 695 3
878 1192 0
878 695 1
878 446 2
878 695 3
879 433 0
879 446 1
879 1192 2
879 446 3
880 804 0
880 1192 1
880 446 2
880 446 3
881 695 0
881 1192 1
881 958 2
881 1191 3
882 1190 0
882 446 1
882 446 3
883 914 0
883 446 2
883 958 3
884 1191 2
884 433 3
885 914 0
885 958 1
885 433 2
885 1192 3
886 695 0
886 914 1
886 446 2
886 433 3
887 1194 1
887 1198 2
887 446 3
888 804 1
888 1196 2
888 1193 3
889 1194 0
889 804 1
889 695 2
889 1193 3
890 446 0
890 433 1
890 804 2
890 695 3
891 914 0
891 446 1
891 1195 2
891 446 3
892 446 0
892 433 1
892 446 2
892 958 3
893 446 0
893 446 1
893 1193 2
893 958 3
894 433 0
894 914 1
894 695 2
894 1191 3
895 1190 0
895 1197 1
895 446 2
895 914 3
896 695 0
896 1192 1
896 695 2
896 1191 3
897 1191 0
897 446 1
897 433 2
897 433 3
898 1191 0
898 446 1
898 914 2
898 446 3
899 804 0
899 1194 1
899 433 2
899 1196 3
900 914 0
900 804 1
900 1193 2
900 446 3
901 1194 0
901 1195 1
901 1190 2
901 446 3
902 958 0
902 804 1
902 1190 2
902 1193 3
903 1191 0
903 958 1
903 446 2
903 446 3
904 433 0
904 1196 1
904 446 2
904 695 3
905 914 0
905 1190 1
905 1192 2
905 446 3
906 804 0
906 446 1
906 958 2
906 446 3
907 446 0
907 1192 1
907 804 2
907 1191 3
908 1190 0
908 1190 1
908 446 2
908 914 3
909 1196 0
909 446 1
909 695 2
909 1191 3
910 1191 1
910 446 2
910 446 3
911 1192 0
911 1191 1
911 914 2
911 446 3
912 446 0
912 1194 1
912 1190 2
912 1196 3
913 1191 0
913 804 1
913 1193 2
913 1192 3
914 446 0
914 446 2
914 446 3
915 433 2
915 446 3
916 1190 0
916 1198 1
916 1190 2
916 446 3
917 1194 0
917 1191 1
917 446 2
917 1191 3
918 446 0
918 446 1
918 446 2
918 695 3
919 1190 0
919 1196 1
919 446 2
919 433 3
920 1193 0
920 433 1
920 446 2
920 446 3
921 914 1
921 1194 2
921 958 3
922 446 0
922 1192 1
922 446 2
922 1192 3
923 1190 0
923 1191 1
923 695 2
923 1192 3
924 1194 0
924 1195 1
924 1192 2
924 446 3
925 958 0
925 1194 1
925 1192 2
925 1196 3
926 1195 0
926 804 1
926 1193 2
926 1190 3
927 1192 0
927 804 1
927 1190 2
927 1192 3
928 1194 0
928 695 2
928 446 3
929 914 1
929 1190 2
929 433 3
930 958 0
930 914 1
930 1196 2
930 1193 3
931 914 0
931 446 1
931 804 2
931 804 3
932 1192 0
932 1190 1
932 1191 2
932 958 3
933 446 0
933 446 1
933 1198 3
934 446 0
934 1191 1
934 695 2
934 1191 3
935 433 1
935 446 2
935 446 3
936 1198 0
936 1197 1
936 446 2
936 1192 3
937 446 0
937 695 1
937 446 2
937 446 3
938 1191 0
938 695 1
938 1191 2
938 446 3
939 804 0
939 914 1
939 446 2
939 1192 3
940 446 2
940 1192 3
941 695 0
941 914 1
941 695 2
941 1191 3
942 914 1
942 1190 3
943 1190 0
943 1192 1
943 446 2
943 804 3
944 446 0
944 433 1
944 914 2
944 958 3
945 1194 0
945 1192 1
945 914 3
946 433 0
946 1192 1
946 1194 2
946 1191 3
947 695 0
947 1190 1
947 446 2
947 1195 3
948 695 1
948 446 2
948 433 3
949 958 0
949 914 1
949 1192 3
950 804 0
950 1198 1
950 695 2
950 1192 3
951 1190 0
951 695 1
951 958 2
951 446 3
952 433 0
952 1192 1
952 1192 2
952 914 3
953 446 1
953 914 3
954 958 0
954 914 1
954 804 2
954 958 3
955 433 0
955 1192 1
955 958 2
955 1191 3
956 914 0
956 695 1
956 446 2
956 433 3
957 1191 0
957 804 1
957 446 2
957 446 3
958 446 1
958 446 2
958 446 3
959 1191 0
959 1192 1
959 695 2
959 1191 3
960 958 1
960 446 2
960 446 3
961 914 0
961 958 1
961 695 2
961 1190 3
962 446 0
962 958 1
962 914 2
962 804 3
963 446 0
963 446 1
963 958 2
963 446 3
964 446 0
964 1190 1
964 446 2
964 695 3
965 804 0
965 1192 1
965 695 2
965 1195 3
966 433 0
966 446 1
966 1194 2
966 958 3
967 1191 0
967 433 1
967 446 2
967 958 3
968 446 1
968 1191 2
968 433 3
969 446 0
969 695 1
969 433 2
969 695 3
970 1194 0
970 446 1
970 1190 2
970 1192 3
971 958 0
971 1195 1
971 695 2
971 1193 3
972 804 0
972 804 1
972 1192 2
972 446 3
973 804 0
973 1195 1
973 1196 2
973 446 3
974 1192 0
974 1190 1
974 446 2
974 695 3
975 1190 0
975 1190 1
975 446 2
975 446 3
976 446 1
976 958 2
976 1195 3
977 695 0
977 1192 1
977 1194 2
977 1191 3
978 1190 1
978 446 2
978 446 3
979 695 0
979 1190 1
979 446 2
979 446 3
980 446 2
980 695 3
981 1195 0
981 804 1
981 446 2
981 1190 3
982 446 1
982 446 2
982 1192 3
983 446 2
983 1191 3
984 804 0
984 804 1
984 804 2
984 1193 3
985 958 0
985 446 1
985 1196 2
985 1193 3
986 446 0
986 433 1
986 914 2
986 695 3
987 914 0
987 446 1
987 958 2
987 446 3
988 1191 0
988 1190 1
988 1191 2
988 804 3
989 1190 0
989 914 1
989 1194 2
989 804 3
990 695 0
990 914 1
990 958 2
990 1195 3
991 446 1
991 433 2
991 1192 3
992 1192 0
992 1197 1
992 695 2
992 1191 3
993 695 1
993 446 2
993 695 3
994 914 0
994 804 1
994 1191 2
994 1190 3
995 1191 0
995 1194 1
995 446 2
995 446 3
996 1191 0
996 446 2
996 1191 3
997 804 0
997 804 1
997 1195 2
997 446 3
998 804 0
998 446 1
998 433 2
998 1190 3
999 914 0
999 446 1
999 958 2
999 804 3
1000 433 0
1000 1196 1
1000 958 2
1000 446 3
1001 1195 0
1001 1190 1
1001 804 2
1001 446 3
1002 1196 0
1002 1192 1
1002 1197 2
1002 914 3
1003 695 0
1003 804 1
1003 446 2
1003 446 3
1004 1191 0
1004 1194 1
1004 1191 2
1004 446 3
1005 446 0
1005 804 1
1005 433 2
1005 1190 3
1006 446 0
1006 446 1
1006 1190 2
1006 433 3
1007 1192 0
1007 446 1
1007 446 3
1008 1193 0
1008 1198 2
1008 1197 3
1009 446 1
1009 1195 2
1009 1190 3
1010 914 0
1010 1198 1
1010 446 2
1010 1193 3
1011 914 0
1011 446 1
1011 446 2
1011 446 3
1012 1190 0
1012 1190 1
1012 446 2
1012 958 3
1013 446 1
1013 914 2
1013 446 3
1014 1192 1
1014 446 3
1015 1190 0
1015 1193 1
1015 695 2
1015 1191 3
1016 446 0
1016 446 1
1016 446 2
1016 1190 3
1017 914 0
1017 804 1
1017 446 2
1017 446 3
1018 804 0
1018 695 1
1018 1190 2
1018 1190 3
1019 914 0
1019 446 1
1019 433 2
1019 1190 3
1020 433 0
1020 804 1
1020 695 2
1020 1190 3
1021 1191 0
1021 433 1
1021 804 2
1021 914 3
1022 1190 0
1022 433 1
1022 1191 2
1022 958 3
1023 446 0
1023 446 1
1023 1196 2
1023 958 3
1024 958 0
1024 446 1
1024 914 2
1024 914 3
1025 1192 0
1025 446 1
1025 804 2
1025 446 3
1026 914 0
1026 446 2
1026 446 3
1027 1192 0
1027 446 1
1027 1191 2
1027 446 3
1028 1198 1
1028 446 2
1028 446 3
1029 433 0
1029 1191 1
1029 695 2
1029 914 3
1030 914 0
1030 446 1
1030 1193 2
1030 446 3
1031 1194 0
1031 914 1
1031 695 2
1031 446 3
1032 446 0
1032 433 1
1032 804 2
1032 958 3
1033 1192 0
1033 446 1
1033 914 2
1033 914 3
1034 446 0
1034 446 1
1034 1196 2
1034 446 3
1035 446 0
1035 914 1
1035 914 2
1036 1192 1
1036 958 2
1036 446 3
1037 433 0
1037 914 1
1037 695 2
1037 446 3
1038 958 0
1038 695 1
1038 446 2
1038 958 3
1039 1192 0
1039 914 2
1039 446 3
1040 958 0
1040 1194 1
1040 446 2
1040 958 3
1041 1195 0
1041 958 1
1041 1191 2
1041 1190 3
1042 1194 1
1042 446 3
1043 958 0
1043 446 1
1043 433 2
1043 1191 3
1044 804 0
1044 446 1
1044 1190 2
1044 1192 3
1045 1194 0
1045 1191 1
1045 1196 2
1045 1193 3
1046 446 0
1046 446 1
1046 1195 2
1046 695 3
1047 1192 0
1047 433 1
1047 446 2
1047 446 3
1048 695 0
1048 1192 1
1048 1194 2
1048 1195 3
1049 804 0
1049 1192 1
1049 1193 2
1049 914 3
1050 446 0
1050 1195 1
1050 446 2
1050 433 3
1051 1194 0
1051 446 2
1051 446 3
1052 958 0
1052 958 1
1052 433 2
1052 1190 3
1053 446 0
1053 914 1
1053 1190 2
1053 1192 3
1054 446 1
1054 1193 2
1054 1192 3
1055 446 0
1055 446 2
1055 914 3
1056 804 0
1056 804 1
1056 1190 2
1056 1192 3
1057 804 0
1057 446 1
1057 1190 2
1057 804 3
1058 433 0
1058 1191 1
1058 804 2
1058 1195 3
1059 1190 0
1059 1191 1
1059 914 3
1060 695 1
1060 1192 2
1060 1198 3
1061 1192 0
1061 1194 1
1061 1193 2
1061 695 3
1062 804 0
1062 804 1
1062 1190 2
1062 446 3
1063 804 0
1063 804 1
1063 1192 2
1063 1190 3
1064 1196 0
1064 1191 1
1064 433 3
1065 695 0
1065 1191 1
1065 695 2
1065 914 3
1066 958 1
1066 1192 3
1067 958 0
1067 914 1
1067 433 2
1067 1192 3
1068 446 0
1068 446 1
1068 804 2
1068 433 3
1069 1191 0
1069 1196 1
1069 1191 2
1069 695 3
1070 1193 0
1070 446 1
1070 804 2
1070 446 3
1071 695 0
1071 446 1
1071 804 2
1071 958 3
1072 1190 0
1072 1197 1
1072 804 2
1072 446 3
1073 1196 0
1073 1197 1
1073 446 2
1073 1192 3
1074 446 0
1074 446 2
1074 958 3
1075 914 2
1075 446 3
1076 446 0
1076 804 1
1076 433 2
1076 695 3
1077 446 0
1077 433 2
1077 914 3
1078 958 0
1078 1191 1
1078 1190 2
1078 1191 3
1079 1191 0
1079 433 1
1079 1195 2
1079 695 3
1080 433 0
1080 433 1
1080 446 2
1080 695 3
1081 1191 0
1081 695 1
1081 1191 2
1081 958 3
1082 446 0
1082 446 1
1082 446 2
1082 914 3
1083 1192 0
1083 1192 1
1083 446 2
1083 446 3
1084 695 0
1084 446 1
1084 446 2
1084 1191 3
1085 1191 0
1085 1191 2
1085 433 3
1086 446 0
1086 433 1
1086 446 2
1086 1196 3
1087 914 0
1087 804 1
1087 1190 2
1087 1192 3
1088 1194 1
1088 958 2
1088 1191 3
1089 804 0
1089 958 1
1089 446 2
1089 433 3
1090 804 0
1090 958 1
1090 1196 2
1090 1191 3
1091 446 0
1091 958 1
1091 446 2
1091 446 3
1092 1190 0
1092 1190 1
1092 446 2
1092 1194 3
1093 446 0
1093 914 1
1093 433 2
1093 1195 3
1094 1190 0
1094 1192 1
1094 1195 2
1094 914 3
1095 1190 0
1095 433 1
1095 695 2
1095 446 3
1096 1194 0
1096 695 1
1096 1191 2
1096 433 3
1097 914 0
1097 433 1
1097 433 2
1097 1196 3
1098 1191 0
1098 804 1
1098 1193 2
1098 1190 3
1099 1193 0
1099 1194 1
1099 446 3
1100 1195 0
1100 1191 1
1100 446 2
1100 1191 3
1101 446 0
1101 433 1
1101 958 2
1101 804 3
1102 446 0
1102 1190 1
1102 446 2
1102 914 3
1103 1197 0
1103 1192 1
1103 1192 2
1103 446 3
1104 433 0
1104 1192 1
1104 1194 2
1104 1195 3
1105 433 0
1105 1190 1
1105 446 2
1105 914 3
1106 695 0
1106 1190 1
1106 695 2
1106 1192 3
1107 1198 0
1107 446 2
1107 446 3
1108 804 0
1108 446 1
1108 1190 2
1108 695 3
1109 446 0
1109 914 1
1109 1191 2
1109 1192 3
1110 1195 0
1110 1192 1
1110 695 2
1110 446 3
1111 804 0
1111 804 1
1111 1196 2
1111 446 3
1112 804 0
1112 804 1
1112 695 2
1112 1192 3
1113 446 0
1113 433 1
1113 804 2
1113 446 3
1114 1192 0
1114 446 1
1114 1191 2
1114 958 3
1115 804 0
1115 446 1
1115 1193 2
1115 804 3
1116 446 0
1116 1192 1
1116 695 2
1116 446 3
1117 1192 0
1117 433 1
1117 695 2
1117 446 3
1118 446 1
1118 1191 2
1118 446 3
1119 914 0
1119 804 1
1119 446 2
1119 1192 3
1120 1198 0
1120 446 1
1120 1190 2
1120 1190 3
1121 1196 0
1121 1193 1
1121 804 2
1121 446 3
1122 695 0
1122 1191 1
1122 446 2
1122 1193 3
1123 446 0
1123 914 1
1123 1193 3
1124 446 0
1124 433 1
1124 958 2
1124 1194 3
1125 914 0
1125 446 1
1125 1195 2
1125 1194 3
1126 1192 0
1126 1190 1
1126 914 2
1126 958 3
1127 1197 0
1127 446 1
1127 914 2
1127 446 3
1128 804 0
1128 446 1
1128 1192 2
1128 446 3
1129 433 0
1129 1191 1
1129 446 2
1129 1191 3
1130 1194 0
1130 1192 1
1130 804 2
1130 446 3
1131 1190 0
1131 1191 1
1131 1197 2
1131 446 3
1132 1191 0
1132 446 2
1132 446 3
1133 914 0
1133 804 1
1133 1190 2
1133 695 3
1134 1195 0
1134 958 1
1134 1192 2
1134 446 3
1135 446 0
1135 695 2
1135 446 3
1136 914 0
1136 804 1
1136 1192 2
1136 446 3
1137 1194 0
1137 1198 1
1137 958 2
1137 1192 3
1138 446 0
1138 433 1
1138 958 2
1138 446 3
1139 1191 0
1139 446 1
1139 1191 2
1139 958 3
1140 1190 0
1140 446 1
1140 914 2
1140 1195 3
1141 433 0
1141 914 1
1141 1194 2
1141 1195 3
1142 1198 0
1142 1197 1
1142 695 2
1142 958 3
1143 446 0
1143 446 2
1143 695 3
1144 804 0
1144 695 1
1144 433 2
1144 1196 3
1145 446 0
1145 914 1
1145 433 2
1145 1192 3
1146 804 0
1146 1191 1
1146 1190 2
1146 1192 3
1147 695 2
1147 433 3
1148 914 1
1148 914 3
1149 695 0
1149 804 1
1149 1196 2
1149 1193 3
1150 446 0
1150 958 1
1150 446 2
1150 914 3
1151 1192 0
1151 446 1
1151 958 2
1151 958 3
1152 446 0
1152 1192 1
1152 446 2
1152 695 3
1153 958 0
1153 914 1
1153 446 2
1153 1195 3
1154 1190 0
1154 433 1
1154 446 3
1155 1192 0
1155 1192 1
1155 695 2
1155 1192 3
1156 695 1
1156 446 2
1156 1196 3
1157 1195 0
1157 958 1
1157 1191 2
1157 695 3
1158 958 0
1158 1194 1
1158 1190 2
1158 1198 3
1159 1191 0
1159 446 1
1159 1190 2
1159 446 3
1160 1195 0
1160 695 1
1160 1190 2
1160 446 3
1161 695 1
1161 446 2
1161 446 3
1162 433 0
1162 1198 1
1162 1196 2
1162 1193 3
1163 446 0
1163 433 1
1163 446 2
1163 1194 3
1164 1191 0
1164 695 1
1164 1191 2
1164 804 3
1165 1190 0
1165 1192 1
1165 446 2
1165 1194 3
1166 1191 0
1166 695 1
1166 446 2
1166 446 3
1167 446 0
1167 446 1
1167 1195 2
1167 1195 3
1168 446 0
1168 914 1
1168 695 2
1168 1198 3
1169 958 0
1169 914 1
1169 695 2
1169 446 3
1170 695 1
1170 446 2
1170 1192 3
1171 1195 0
1171 804 1
1171 446 2
1171 446 3
1172 433 0
1172 446 2
1172 1193 3
1173 958 1
1173 433 3
1174 433 0
1174 1195 1
1174 433 2
1174 1190 3
1175 1192 0
1175 1196 1
1175 914 2
1175 1197 3
1176 804 0
1176 446 1
1176 804 2
1176 804 3
1177 958 0
1177 1192 1
1177 804 2
1177 914 3
1178 433 0
1178 446 1
1178 446 3
1179 1190 0
1179 1190 1
1179 695 2
1179 958 3
1180 446 0
1180 958 1
1180 446 2
1180 433 3
1181 446 0
1181 804 1
1181 1190 2
1181 1192 3
1182 1191 0
1182 958 1
1182 1191 2
1182 695 3
1183 433 0
1183 1192 1
1183 695 2
1183 1192 3
1184 446 0
1184 433 1
1184 804 2
1184 433 3
1185 1192 0
1185 433 1
1185 914 2
1185 804 3
1186 446 0
1186 1196 1
1186 446 2
1186 1197 3
1187 433 0
1187 446 1
1187 1194 2
1187 446 3
1188 1190 0
1188 433 1
1188 958 2
1188 958 3
1189 958 0
1189 1190 1
1189 433 2
1189 1191 3
1190 446 0
1190 446 1
1191 446 0
1191 446 2
1192 446 0
1192 446 1
1192 446 2
1193 446 0
1194 446 3
1195 446 2
1196 446 1
1197 446 0
1197 446 3
1198 446 1
1198 446 2
