494
23
0 1 0
0 2 1
0 3 2
0 4 3
1 5 0
1 6 1
1 7 2
1 8 3
2 9 0
2 10 1
2 11 2
2 12 3
3 13 0
3 14 1
3 15 2
3 16 3
4 17 0
4 18 1
4 19 2
4 20 3
5 21 0
5 22 1
5 23 2
5 24 3
6 25 0
6 26 1
6 27 2
6 23 3
7 28 0
7 29 1
7 30 2
7 31 3
8 32 0
8 33 1
8 34 2
8 35 3
9 36 0
9 37 1
9 38 2
9 39 3
10 23 0
10 40 1
10 41 2
10 42 3
11 43 0
11 44 1
11 45 2
11 46 3
12 47 0
12 48 1
12 49 2
12 50 3
13 51 0
13 23 1
13 52 2
13 51 3
14 53 0
14 54 1
14 55 2
14 56 3
15 57 0
15 58 1
15 59 2
15 23 3
16 60 0
16 61 1
16 23 2
16 62 3
17 63 0
17 64 1
17 65 2
17 66 3
18 67 0
18 68 1
18 69 2
18 23 3
19 23 0
19 70 1
19 71 2
19 72 3
20 73 0
20 23 1
20 74 2
20 75 3
21 76 0
21 77 1
21 23 2
21 76 3
22 77 2
24 76 0
24 77 1
24 23 2
24 78 3
25 79 3
26 80 0
26 81 1
26 82 2
26 23 3
27 83 0
27 84 1
27 85 2
27 23 3
28 23 0
28 23 1
28 23 2
28 86 3
29 86 0
29 87 1
29 88 2
29 89 3
30 86 0
30 88 1
30 90 2
30 91 3
31 89 1
31 91 2
31 92 3
32 76 0
32 77 1
32 23 2
32 93 3
33 94 0
33 95 1
33 96 2
33 23 3
34 23 0
34 97 1
34 98 2
34 99 3
35 76 0
35 100 1
35 101 2
35 102 3
36 103 0
36 104 1
36 105 2
36 106 3
37 23 0
37 23 1
37 104 2
37 23 3
38 105 0
38 107 2
38 108 3
39 106 0
39 104 1
39 108 2
39 109 3
40 23 0
40 110 1
40 111 2
40 112 3
41 23 0
41 113 1
41 114 2
41 112 3
42 112 0
43 115 0
43 23 1
43 116 2
43 117 3
44 23 0
44 118 1
44 119 2
44 112 3
45 120 0
45 121 1
45 122 2
45 123 3
46 124 0
46 125 1
46 23 2
46 126 3
47 127 0
47 128 1
47 129 2
47 130 3
48 131 2
49 129 0
49 23 1
49 132 2
49 23 3
50 133 0
50 134 1
50 23 2
50 135 3
51 136 0
51 23 1
51 137 2
51 136 3
52 137 1
53 138 0
53 23 1
53 139 2
53 140 3
54 141 0
54 142 1
54 143 2
54 144 3
55 145 0
55 146 1
55 147 2
55 23 3
56 148 0
56 149 1
56 23 2
56 150 3
57 145 3
58 145 0
58 151 1
58 152 2
58 23 3
59 145 0
59 146 1
59 146 2
59 23 3
60 153 0
60 154 1
60 23 2
60 155 3
61 154 0
61 156 1
61 157 3
62 158 0
62 157 1
62 23 2
62 159 3
63 160 0
63 161 1
63 162 2
63 163 3
64 164 0
64 165 1
64 166 2
64 23 3
65 23 0
65 167 1
65 168 2
65 169 3
66 170 0
66 23 1
66 171 2
66 172 3
67 173 0
67 174 1
67 175 2
68 174 0
68 176 1
68 177 2
68 23 3
69 175 0
69 178 1
69 179 2
69 23 3
70 23 0
70 180 1
70 180 2
70 181 3
71 23 0
71 182 1
71 182 2
71 181 3
72 181 0
73 183 0
73 23 1
73 184 2
73 185 3
74 171 1
75 186 0
75 23 1
75 187 2
75 188 3
76 189 0
76 190 1
76 23 2
76 189 3
77 190 2
78 189 0
78 190 1
78 23 2
78 191 3
79 192 3
80 193 3
81 194 0
81 195 1
81 195 2
81 23 3
82 196 0
82 197 1
82 198 2
82 23 3
83 199 3
84 200 0
84 198 1
84 195 2
84 23 3
85 201 0
85 195 1
85 197 2
85 23 3
86 23 0
86 23 1
86 23 2
86 202 3
87 202 0
87 203 1
87 204 2
87 205 3
88 202 0
88 204 1
88 204 2
89 205 1
89 205 3
90 202 0
90 204 1
90 206 2
90 207 3
91 207 2
91 207 3
92 205 1
92 207 2
92 208 3
93 189 0
93 190 1
93 23 2
93 209 3
94 210 3
95 211 0
95 212 1
95 212 2
95 23 3
96 211 0
96 213 1
96 212 2
96 23 3
97 23 0
97 214 1
97 215 2
97 216 3
98 23 0
98 217 1
98 218 2
98 207 3
99 216 1
99 207 2
99 219 3
100 220 0
100 221 1
100 221 2
100 23 3
101 23 0
101 222 1
101 223 2
101 224 3
102 225 0
102 226 1
102 227 2
102 23 3
103 228 0
103 229 1
103 230 2
103 231 3
104 23 0
104 23 1
104 229 2
104 23 3
105 230 0
105 230 2
106 231 0
106 229 1
106 231 3
107 230 0
107 232 2
107 233 3
108 233 2
108 233 3
109 231 0
109 229 1
109 233 2
109 234 3
110 23 0
110 235 1
110 236 2
110 237 3
111 23 0
111 238 1
111 239 2
111 237 3
112 237 0
113 23 0
113 240 1
113 241 2
113 242 3
114 23 0
114 243 1
114 244 2
114 245 3
115 246 0
115 23 1
115 230 2
115 247 3
116 230 0
116 248 2
116 249 3
117 250 0
117 23 1
117 249 2
117 251 3
118 23 0
118 252 1
118 253 2
118 237 3
119 23 0
119 240 1
119 254 2
119 237 3
120 255 0
120 23 1
120 256 2
120 257 3
121 23 0
121 258 1
121 235 2
121 259 3
122 260 0
122 261 1
122 23 2
122 262 3
123 263 0
123 264 1
123 23 2
123 265 3
124 266 0
124 267 1
124 23 2
124 266 3
125 267 2
126 268 0
126 267 1
126 23 2
126 266 3
127 269 0
127 270 1
127 271 2
127 272 3
128 273 2
129 271 0
129 23 1
129 271 2
129 23 3
130 274 0
130 275 1
130 23 2
130 276 3
131 277 2
132 271 0
132 23 1
132 278 2
132 23 3
133 272 0
133 279 1
133 23 2
133 280 3
134 281 2
135 272 0
135 282 1
135 23 2
135 272 3
136 283 0
136 23 1
136 284 2
136 283 3
137 284 1
138 285 0
138 23 1
138 286 2
138 285 3
139 287 1
140 288 0
140 23 1
140 287 2
140 285 3
141 289 0
141 23 1
141 290 2
141 291 3
142 292 0
142 23 1
142 293 2
142 294 3
143 295 0
143 296 1
143 297 2
143 23 3
144 298 0
144 299 1
144 23 2
144 300 3
145 295 3
146 295 0
146 296 1
146 296 2
146 23 3
147 301 0
147 296 1
147 296 2
147 23 3
148 302 0
148 303 1
148 23 2
148 304 3
149 303 0
149 305 1
149 306 3
150 307 0
150 308 1
150 23 2
150 309 3
151 295 0
151 310 1
151 296 2
151 23 3
152 311 0
152 296 1
152 296 2
152 23 3
153 312 0
153 313 1
153 23 2
153 314 3
154 313 0
154 313 1
155 314 0
155 23 2
155 315 3
156 313 0
156 316 1
156 306 3
157 306 1
157 306 3
158 315 0
158 272 2
158 315 3
159 317 0
159 306 1
159 23 2
159 318 3
160 23 0
160 319 1
160 320 2
160 321 3
161 322 0
161 323 1
161 324 2
161 23 3
162 23 0
162 325 1
162 326 2
162 327 3
163 328 0
163 23 1
163 329 2
163 330 3
164 331 0
164 332 1
164 333 2
165 334 0
165 335 1
165 336 2
165 23 3
166 333 0
166 337 1
166 338 2
166 23 3
167 23 0
167 339 1
167 340 2
167 341 3
168 23 0
168 340 1
168 340 2
168 342 3
169 342 0
170 343 0
170 23 1
170 344 2
170 345 3
171 346 1
172 347 0
172 23 1
172 348 2
172 349 3
173 350 0
173 332 1
173 351 2
174 332 0
174 332 1
175 351 0
175 351 2
176 332 0
176 352 1
176 353 2
176 197 3
177 354 1
177 355 2
177 23 3
178 356 1
178 357 2
178 197 3
179 351 0
179 358 1
179 359 2
179 197 3
180 23 0
180 360 1
180 360 2
180 361 3
181 361 0
182 23 0
182 360 1
182 360 2
182 362 3
183 363 0
183 23 1
183 364 2
183 365 3
184 364 1
185 328 0
185 23 1
185 346 2
185 345 3
186 347 0
186 23 1
186 346 2
186 328 3
187 348 1
188 366 0
188 23 1
188 364 2
188 345 3
189 367 0
189 368 1
189 23 2
189 367 3
190 368 2
191 367 0
191 369 1
191 23 2
191 23 3
192 370 1
192 370 2
192 371 3
193 301 1
193 301 2
193 371 3
194 372 1
194 301 2
194 373 3
195 374 0
195 23 1
195 23 2
195 23 3
196 372 1
196 370 2
196 375 3
197 373 0
197 23 1
197 23 2
197 23 3
198 375 0
198 23 1
198 23 2
198 23 3
199 372 1
199 370 2
199 371 3
200 370 1
200 376 2
200 371 3
201 370 1
201 372 2
201 374 3
202 23 0
202 23 1
202 23 2
202 377 3
203 377 0
203 378 1
203 379 2
203 380 3
204 377 0
204 379 1
204 379 2
205 380 1
205 380 3
206 377 0
206 379 1
206 381 2
206 382 3
207 382 2
207 382 3
208 380 1
208 382 2
208 374 3
209 367 0
209 368 1
209 23 2
209 23 3
210 383 3
211 384 3
212 384 0
212 23 1
212 23 2
212 23 3
213 383 0
213 23 1
213 23 2
213 23 3
214 23 0
214 385 1
214 386 2
214 387 3
215 23 0
215 386 1
215 388 2
216 387 1
216 387 3
217 23 0
217 386 1
217 386 2
218 23 0
218 388 1
218 389 2
218 382 3
219 387 1
219 382 2
219 390 3
220 391 3
221 391 0
221 23 1
221 23 2
221 23 3
222 23 0
222 23 1
222 392 2
222 393 3
223 23 0
223 394 1
223 23 2
223 395 3
224 396 0
224 387 1
224 382 2
224 390 3
225 23 0
225 397 1
225 23 2
225 367 3
226 398 0
226 23 1
226 373 2
226 399 3
227 23 0
227 23 1
227 23 2
227 399 3
228 400 0
228 401 1
228 333 2
228 402 3
229 23 0
229 23 1
229 401 2
229 23 3
230 333 0
230 333 2
231 402 0
231 401 1
231 402 3
232 333 0
232 403 2
232 404 3
233 404 2
233 404 3
234 402 0
234 401 1
234 404 2
234 373 3
235 23 0
235 405 1
235 377 2
235 406 3
236 23 0
236 377 1
236 405 2
236 379 3
237 379 0
238 23 0
238 405 1
238 407 2
238 406 3
239 23 0
239 407 1
239 407 2
239 379 3
240 23 0
240 407 1
240 377 2
240 379 3
241 23 0
241 407 1
241 377 2
241 406 3
242 408 0
243 23 0
243 377 1
243 405 2
243 408 3
244 23 0
244 407 1
244 23 2
244 409 3
245 406 0
246 410 0
246 23 1
246 333 2
246 411 3
247 411 0
247 23 1
247 412 3
248 333 0
248 413 2
248 414 3
249 414 2
249 414 3
250 411 0
250 23 1
250 411 3
251 412 0
251 23 1
251 414 2
251 23 3
252 23 0
252 405 1
252 405 2
252 379 3
253 23 0
253 415 1
253 415 2
253 379 3
254 23 0
254 405 1
254 23 2
254 396 3
255 385 0
255 23 1
255 416 2
255 417 3
256 333 0
256 418 1
256 419 2
256 382 3
257 420 0
257 23 1
257 421 2
257 23 3
258 23 0
258 377 1
258 377 2
258 379 3
259 396 0
260 23 0
260 23 1
260 422 2
260 23 3
261 23 0
261 23 1
261 405 2
261 423 3
262 367 0
262 424 1
262 425 2
262 23 3
263 23 0
263 426 1
263 23 2
263 23 3
264 426 2
265 23 0
265 427 1
265 23 2
265 23 3
266 23 0
266 428 1
266 23 2
266 23 3
267 428 2
268 23 0
268 429 1
268 23 2
268 23 3
269 430 0
269 431 1
269 432 2
269 23 3
270 368 0
270 367 2
270 368 3
271 433 0
271 23 1
271 433 2
271 23 3
272 23 0
272 367 1
272 23 2
272 23 3
273 434 0
273 403 2
273 368 3
274 23 0
274 403 1
274 23 2
274 23 3
275 368 0
275 403 2
275 434 3
276 23 0
276 431 1
276 23 2
276 23 3
277 368 0
277 435 2
277 436 3
278 437 0
278 23 1
278 23 2
278 23 3
279 434 0
279 435 2
279 434 3
280 23 0
280 435 1
280 23 2
280 23 3
281 436 0
281 367 2
281 434 3
282 438 0
282 435 2
282 368 3
283 23 0
283 23 1
283 417 2
283 23 3
284 418 0
284 417 1
284 418 3
285 23 0
285 23 1
285 439 2
285 23 3
286 440 1
287 439 1
288 23 0
288 23 1
288 440 2
288 23 3
289 23 0
289 23 1
289 402 2
289 401 3
290 441 1
291 401 0
291 23 1
291 402 2
291 401 3
292 23 0
292 442 1
292 443 2
292 401 3
293 444 0
293 373 1
293 23 2
293 23 3
294 23 0
294 445 1
294 23 2
294 23 3
295 376 3
296 376 0
296 373 1
296 373 2
296 23 3
297 376 0
297 373 1
297 23 2
297 23 3
298 23 0
298 446 1
298 23 2
298 435 3
299 447 0
299 448 1
299 438 2
299 216 3
300 431 0
300 449 1
300 23 2
300 23 3
301 450 3
302 451 0
302 452 1
302 23 2
302 453 3
303 452 0
303 452 1
304 419 0
304 23 2
304 419 3
305 452 0
305 454 1
305 216 3
306 216 1
306 216 3
307 453 0
307 438 1
307 23 2
307 413 3
308 216 1
308 438 2
308 216 3
309 428 0
309 449 1
309 23 2
309 455 3
310 456 0
310 23 1
310 373 2
310 23 3
311 457 3
312 377 0
312 458 1
312 23 2
312 459 3
313 458 0
313 458 1
314 459 0
314 23 2
314 426 3
315 426 0
315 23 2
315 426 3
316 458 0
316 460 1
316 216 3
317 461 0
317 23 2
317 426 3
318 426 0
318 216 1
318 23 2
318 424 3
319 462 0
319 437 1
319 23 2
319 23 3
320 463 0
320 377 1
320 23 2
320 464 3
321 465 0
321 23 1
321 466 2
321 23 3
322 467 0
322 303 1
322 468 2
322 301 3
323 469 0
323 437 1
323 371 2
323 23 3
324 470 0
324 371 1
324 23 2
324 23 3
325 23 0
325 377 1
325 377 2
325 471 3
326 23 0
326 377 1
326 23 2
326 472 3
327 473 0
327 207 2
327 207 3
328 417 0
328 23 1
328 418 2
328 465 3
329 474 1
329 207 2
329 207 3
330 401 0
330 23 1
330 475 2
330 430 3
331 467 0
331 303 1
331 468 2
332 303 0
332 303 1
333 468 0
333 468 2
334 303 0
334 303 1
334 301 3
335 469 0
335 476 1
335 384 2
335 23 3
336 384 1
336 384 2
336 23 3
337 477 1
337 384 2
337 23 3
338 468 0
338 384 1
338 23 2
338 23 3
339 23 0
339 23 1
339 23 2
339 478 3
340 23 0
340 23 1
340 23 2
340 479 3
341 480 0
342 479 0
343 465 0
343 23 1
343 481 2
343 401 3
344 474 1
345 417 0
345 23 1
345 418 2
345 417 3
346 481 1
347 417 0
347 23 1
347 481 2
347 417 3
348 402 1
349 417 0
349 23 1
349 402 2
349 417 3
350 482 0
350 303 1
350 483 2
351 483 0
351 483 2
352 303 0
352 484 1
352 485 2
352 373 3
353 486 1
353 391 2
353 373 3
354 487 1
354 457 2
354 23 3
355 488 1
355 487 2
355 23 3
356 391 1
356 457 2
356 23 3
357 488 1
357 391 2
357 23 3
358 485 1
358 391 2
358 373 3
359 483 0
359 391 1
359 367 2
359 373 3
360 23 0
360 23 1
360 23 2
360 415 3
361 415 0
361 396 1
361 396 2
362 415 0
362 396 1
363 23 0
363 23 1
363 489 2
363 417 3
364 418 1
365 417 0
365 23 1
365 474 2
365 378 3
366 417 0
366 23 1
366 474 2
366 417 3
367 23 0
367 490 1
367 23 2
367 23 3
368 490 2
369 490 2
369 450 3
370 382 3
371 450 0
371 23 1
371 23 2
371 23 3
372 387 3
373 390 0
373 23 1
373 23 2
373 23 3
374 387 0
374 23 1
374 23 2
374 23 3
375 382 0
375 23 1
375 23 2
375 23 3
376 390 3
377 23 0
377 23 1
377 23 2
377 491 3
378 23 0
378 23 1
378 387 2
378 23 3
379 491 0
380 387 0
380 23 1
380 387 2
380 23 3
381 491 0
381 23 2
381 23 3
382 23 2
382 23 3
383 382 1
383 390 2
383 23 3
384 390 1
384 390 2
384 23 3
385 23 0
385 23 1
385 491 2
385 23 3
386 23 0
386 491 1
386 491 2
387 23 1
387 23 3
388 23 0
388 452 1
388 491 2
389 23 0
389 491 1
389 23 2
389 23 3
390 23 1
390 23 2
390 23 3
391 450 1
391 450 2
391 23 3
392 23 0
392 23 1
392 491 2
392 473 3
393 473 0
393 23 1
393 23 3
394 23 0
394 491 1
394 491 2
394 473 3
395 473 0
395 23 2
395 23 3
396 473 0
397 452 0
397 452 1
397 490 2
398 452 0
398 420 1
398 390 3
399 473 0
399 387 1
399 23 2
399 23 3
400 491 0
400 420 1
400 468 2
401 23 0
401 23 1
401 420 2
401 23 3
402 420 1
403 23 0
403 382 1
403 23 2
403 23 3
404 382 0
404 382 1
404 23 2
404 23 3
405 23 0
405 23 1
405 23 2
405 468 3
406 452 0
407 23 0
407 23 1
407 23 2
407 452 3
408 468 0
409 452 0
409 492 2
410 23 0
410 23 1
410 468 2
410 420 3
411 420 0
411 23 1
411 420 3
412 420 0
412 23 1
412 387 3
413 490 0
413 492 1
413 23 2
413 23 3
414 492 0
414 492 1
414 23 2
414 23 3
415 23 0
415 23 1
415 23 2
415 473 3
416 468 0
416 493 1
416 468 2
417 23 0
417 23 1
417 493 2
417 23 3
418 493 1
419 490 0
419 23 2
419 23 3
420 23 0
420 23 1
420 23 3
421 493 1
421 23 2
421 23 3
422 468 0
422 493 1
422 23 2
422 23 3
423 491 0
423 387 1
423 387 3
424 492 0
424 387 1
424 23 2
424 390 3
425 23 0
425 493 1
425 23 2
425 23 3
426 492 0
426 23 2
426 492 3
427 492 0
427 23 2
427 382 3
428 490 0
428 23 2
428 490 3
429 490 0
429 23 2
429 468 3
430 23 0
430 23 1
430 390 2
430 23 3
431 23 0
431 492 1
431 23 2
431 23 3
432 387 0
432 23 1
432 420 2
432 23 3
433 420 0
433 23 1
433 420 2
433 23 3
434 382 2
435 23 0
435 468 1
435 23 2
435 23 3
436 468 2
437 420 0
437 23 1
437 23 2
437 23 3
438 492 2
439 493 0
439 23 1
439 493 3
440 493 0
440 23 1
440 452 3
441 420 1
441 493 3
442 452 0
442 23 1
442 490 2
442 390 3
443 468 0
443 420 1
443 468 2
444 468 0
444 468 2
444 390 3
445 452 0
445 23 1
445 490 2
445 387 3
446 491 0
446 491 1
446 492 2
447 491 0
447 491 1
448 491 0
448 23 1
448 387 3
449 387 1
449 492 2
449 387 3
450 23 3
451 23 0
451 23 1
451 23 2
451 490 3
452 23 0
452 23 1
453 490 0
453 492 1
453 23 2
453 490 3
454 23 0
454 23 1
454 387 3
455 490 0
455 390 1
455 23 2
455 23 3
456 493 1
456 390 3
457 450 1
457 390 3
458 23 0
458 23 1
458 452 2
458 452 3
459 492 0
459 23 2
460 23 0
460 23 1
460 452 2
460 420 3
461 492 0
461 490 2
461 492 3
462 23 0
462 452 1
462 23 2
462 390 3
463 23 0
463 452 1
463 468 2
463 390 3
464 491 0
464 490 2
464 382 3
465 23 0
465 23 1
465 452 2
465 23 3
466 387 1
466 382 2
466 382 3
467 23 0
467 452 1
467 23 2
468 23 0
468 23 2
469 452 0
469 452 1
469 450 3
470 23 0
470 23 2
470 450 3
471 491 0
471 473 2
472 491 0
472 382 2
472 382 3
473 23 0
474 387 1
475 493 1
475 382 2
475 382 3
476 452 0
476 23 1
476 390 2
476 23 3
477 23 1
477 390 2
477 23 3
478 23 0
478 473 1
478 452 2
479 23 0
479 473 1
479 473 2
480 23 0
480 468 1
480 473 2
481 452 1
482 23 0
482 491 1
482 23 2
482 468 3
483 23 0
483 468 1
483 23 2
483 468 3
484 452 0
484 420 1
484 450 2
484 23 3
485 450 1
485 450 2
485 390 3
486 450 2
486 390 3
487 450 1
487 23 3
488 450 2
488 23 3
489 473 0
489 493 1
490 23 0
490 23 2
490 23 3
491 23 0
491 23 1
491 23 2
492 23 2
493 23 1
